15931,10689.542085608718,25857.43221500721,22033,10303.782946083444,24783.652705627705,12082,10652.302474113285,25664.755158730157,0.34922772988505746,0.4767313968829747,0.8948143610735441,0.5445061560085314,0.1340432445757417,0.09608994,0.15231009,0.16894056,-2.8047443079109673,0.4139798926500925,1.562780164726579,0.448194071244348,0.4275069107754532,0.4605796382027403,0.3993416633602766,naranjas
1953,3813.0250458133632,9553.666666666668,3699,3625.4663148345485,9112.70119047619,2778,3777.321537809563,9415.65119047619,0.45553835569315443,0.4980406548077658,0.969557821775372,0.6106485793667545,0.17554287109348943,0.049803216,0.11235261,0.15491055,-5.130484971518972,-0.41264976835077277,1.5952466659632263,0.4415838434139088,0.4664384685876313,0.4739372561594783,0.416707405565156,naranjas
9030,15749.99526984056,29650.207142857143,15602,15242.412473096245,28800.68690476191,10292,15868.690746246208,29791.458333333325,0.32861328125,0.4697134616890807,0.9738641360249312,0.5371200386874174,0.04660842807677162,0.03560188,0.07559569,0.09859874,-4.511424893669548,1.2475172069802292,3.904961829942551,0.4163792037735425,0.4705636245031386,0.4228422622631301,0.4622785790885688,naranjas
865,1266.034754657233,3086.0833333333335,1424,1184.7898547843834,2916.916666666666,955,1267.6442718680978,3071.4166666666674,0.3354304387019231,0.4721451534879065,0.9820120403278578,0.62864856587928,0.3431864155444337,0.029149223,0.077373974,0.13600114,-3.4486572968590963,0.20840293483927994,0.26392876044975394,0.4341672301104349,0.47596867667084336,0.466381188490722,0.4453687914643748,naranjas
17227,17930.969326837854,36803.847655122656,42575,17387.307037031354,35440.3479048729,27240,17892.808108287532,36611.39585137085,0.34281099759615385,0.47465339837627885,0.9178000242747462,0.5284277978129955,0.10526068139456168,0.16470723,0.123963036,0.12850063,-3.1371963653186117,0.13578192604983008,2.1892736605817444,0.4517900116739545,0.41356506854565217,0.43226373634783466,0.40452933197863933,naranjas
5843,851.9935445764833,2674.976984126984,9509,799.6811864737097,2507.612370962371,7106,856.4204574856908,2635.9281746031743,0.5180893159977389,0.4997432996056555,0.9123512855081821,0.5145769767496884,0.1393150263724317,0.09236994,0.09508235,0.18789956,-2.20502941974721,0.6917410461084381,1.6162539958941893,0.48621644644610224,0.41242017256965463,0.4859230736908051,0.3529912267843832,naranjas
3162,3379.4521745395364,8012.283333333333,4848,3168.8221786651266,7645.70357142857,2623,3418.2097653596393,8072.0166666666655,0.4701834862385321,0.4991340343629456,0.9000215790533225,0.6158511481753799,0.17516857119996262,0.13399144,0.08502449,0.13244164,-1.883187071255092,-0.22247566547887618,0.8277746865470363,0.4853755303290907,0.42772064532494247,0.48515537209035653,0.4078411220856279,naranjas
666,370.4429780681502,799.0000000000001,1196,325.9447805994138,718.3166666666667,794,364.82324487345926,793.0761904761906,0.536036036036036,0.4988602476367857,0.9492859571574304,0.6250085005100301,0.16411084665079984,0.04813099,0.086335905,0.18725993,-1.5047694695243783,1.3918853195676972,1.308614542118596,0.43441115775081623,0.4720141700083743,0.4386636766143407,0.45632678768536095,naranjas
1929,600.271605192183,1188.218253968254,4445,541.4997691596923,1076.1651515151516,2554,595.6265608583956,1176.3920634920632,0.45433255269320844,0.49800731725338965,0.8920486633415156,0.5864407674240621,0.2225793682210445,0.12522762,0.12461214,0.17726925,-1.5626014568002702,0.2652750487303024,0.9381255912022092,0.4574174174174174,0.40611617579188874,0.47505387740681865,0.3791736583185535,naranjas
19349,17161.827408525,41047.869841269836,39949,16579.43955626969,39503.4845959596,21676,17060.506528236492,40676.93888888889,0.4654071514423077,0.4988065832113751,0.9142556281769574,0.5841117187616048,0.08115349843640188,0.10079709,0.13639437,0.14576747,-2.3557630322440377,-0.12791914851004457,2.424619325324041,0.47783504897932755,0.3999044926026691,0.47096555144550456,0.40592647135686727,naranjas
9512,17693.37652908568,38008.36666666667,16041,17098.57760166032,37043.64246031747,10699,18001.82113009681,38380.28452380952,0.409912109375,0.49182183221612713,0.9287630334772607,0.5322977665303351,0.055852436021923815,0.043030668,0.07508337,0.10544472,-2.207868110442873,1.1830993030768515,3.2871574668327352,0.4357578622723487,0.46910820884243387,0.4545517760618725,0.4596525624812426,naranjas
10652,19427.243602734794,39636.076190476204,20516,18747.282389722517,38598.21125541124,13986,19491.89605964489,39735.12463924964,0.4536320612980769,0.4978500466838722,0.8795700697516927,0.4928100504317013,0.12807351460400834,0.030575098,0.08088136,0.074076444,-3.2712795498323586,1.008360804164807,4.43045911088028,0.42815075962559146,0.46793749295450343,0.45996822702443896,0.4679103898711578,naranjas
664,367.67512834022375,990.1666666666666,1072,341.1216791703512,906.1833333333333,773,378.4388986349051,999.95,0.53003003003003,0.499284837000787,0.9586418187964877,0.6000338066260993,0.24042849898580176,0.03860987,0.098722585,0.20439368,-1.1428147191128537,0.5672763505124592,0.7890575840910594,0.4679655565930076,0.41651886882257483,0.4613258636788049,0.41157631993765476,naranjas
554,460.92949569321337,1020.6666666666666,947,432.09489698444713,931.5833333333333,742,461.6871234938224,1003.5,0.5405405405405406,0.4985409295739034,0.9614921937767388,0.5803617571059418,0.209562894925413,0.036283016,0.10350732,0.20396659,-1.001311264785499,0.8792636995948167,0.9448205522220402,0.4661064425770307,0.39278603419040165,0.47380848635750594,0.4288371448103019,naranjas
652,399.23927662493327,1028.75,1032,350.5823726315971,921.3333333333334,708,381.8376618407357,1011.7499999999999,0.5222790357925493,0.4996859316303059,0.9550762527233149,0.6149542483660125,0.26698474945533823,0.035876784,0.08332162,0.18878466,-0.8857799373249862,0.7659819156347337,0.5308021485679865,0.44937441643323994,0.44287617067109314,0.4462735003911474,0.4456756473217538,naranjas
3836,7385.393828361491,14669.300000000003,6191,6992.4266174197355,14074.001190476189,3875,7266.550350751036,14531.15,0.16614708533653846,0.37221611094811724,0.9526194413507362,0.5436182505130884,0.15263776193207793,0.036663674,0.0596546,0.14399269,-2.2359972939660118,1.5348089187075964,1.568473476128442,0.40582606655409387,0.4629864637636656,0.4218640803294678,0.44806511397717075,naranjas
7436,9185.680105468511,22519.233333333334,10796,8752.080095611556,21687.785714285714,7810,9146.835518363714,22422.2,0.24226262019230768,0.42845640454442196,0.9493806935553072,0.5098043448812555,0.10159102069151359,0.05192706,0.11418287,0.15585604,-1.5047235332389837,0.5745039726001152,1.9748599078437081,0.4305678242678469,0.43399184280877395,0.42673967770927856,0.4419865804799995,naranjas
6372,2664.5329797170834,8603.134523809524,9294,2511.3062338153823,8197.53611111111,5125,2687.966517648611,8695.95119047619,0.49916759156492785,0.5000224311242714,0.788041556921324,0.4209095697980645,0.12472753877670245,0.15352377,0.21537238,0.17148532,-0.1829454012267543,0.3884089440010685,1.750875851117495,0.49178111496170795,0.33013975144909125,0.4872389207255229,0.41298100287803174,naranjas
10217,9457.915573740336,26029.84404761905,17620,8816.512916113717,24519.74563492063,13465,9124.399815878303,25292.469047619044,0.2893629807692308,0.4534709560510082,0.8251845352396504,0.5245957485574344,0.20321435335349394,0.13563436,0.11338409,0.24155413,-0.43601128821594143,-0.05967360008812105,1.0728897084424591,0.48560986132951084,0.39348232502309616,0.487401274385004,0.4170257627235155,naranjas
5032,1871.3123737099586,6239.7075396825385,9174,1658.1001176044829,5677.08502886003,5995,1806.6408054729638,6039.420634920636,0.49973247726056713,0.5000333721243605,0.798448901390113,0.5026789232671617,0.18540078540078342,0.12882505,0.14409828,0.15924142,-0.3628292002467509,0.45970689166079926,1.216225546265786,0.49269505555031007,0.3203953699634969,0.49229219777798755,0.3780396894465776,naranjas
12373,10510.197952465025,24260.143650793652,22056,10205.234735173904,23413.946536796546,17061,10539.533670898347,24140.325468975476,0.2587702824519231,0.43796326970076405,0.9311777188717165,0.6453276254953753,0.1390930607669267,0.12479452,0.119920574,0.18018281,-2.9186011828797866,-0.23271513357184345,1.3728719116644659,0.4310596429991627,0.3898629630690035,0.4217578882419137,0.40370231309825555,naranjas
1194,534.6251022913159,1580.6833333333336,2137,475.44926122563277,1447.5964285714283,1275,523.5608847116064,1563.1000000000001,0.524547803617571,0.4995261349804636,0.9266404515421517,0.6180483107294742,0.20591712810635976,0.069595605,0.12685026,0.18716563,-1.2844917737400394,0.14578155088946756,0.8116291684199534,0.46123321680093227,0.4185013638005416,0.4714367262839675,0.4180426954346971,naranjas
4863,3180.7595004966975,7660.433333333333,10141,2939.9653059177417,7205.7333333333345,6924,3121.0507845916254,7560.611111111111,0.12201397235576923,0.3273050179656897,0.9345298225516718,0.493315166137301,0.20081752382275822,0.055068087,0.0970021,0.09888971,-2.3159739301164506,0.6658783314078954,2.466420141401405,0.46437807943690296,0.4498284002707839,0.45404467427996836,0.43924597239461466,naranjas
24414,6589.935811523508,12478.633524808523,29996,6449.373768049112,12171.185059385061,16994,6684.988032898787,12567.99621212121,0.15335787259615385,0.3603355019170546,0.8950713140349761,0.5433862210594318,0.29220539004698953,0.14373861,0.07262649,0.1469621,-1.9660186125196184,0.8206299916246551,1.228849222142026,0.4234603594103854,0.4054200360117424,0.4878598664335259,0.36630019602273406,naranjas
17625,15266.913637012558,41017.09285714285,37703,14210.372092243046,38626.37817460318,27574,14960.240038181206,39862.56428571428,0.4330491286057692,0.4955019593685971,0.8192295740442649,0.26551870601494026,0.07287385312174612,0.10381435,0.09951852,0.113028094,-0.36485917673396134,1.6504313728663418,2.6544858623915006,0.4725743803307571,0.4595446972760941,0.4864062075930894,0.417000651322341,naranjas
9183,7374.366142252498,17971.19448051948,16339,7035.068229946317,17104.75883838384,10026,7354.552739630059,17854.47341269841,0.21257136418269232,0.4091306916688616,0.8625581496456346,0.5872781928735944,0.22530573204888785,0.13226943,0.15241024,0.18801361,-1.9234637196806796,0.14707495632541795,0.8981643206255581,0.4541087436006394,0.4040125417317497,0.45190716121329844,0.3789593713803574,naranjas
3135,4367.822226235862,9120.900000000001,4910,4163.795143856143,8731.451190476191,2987,4382.173205157459,9097.25,0.4830827067669173,0.49973608929652913,0.9677258447326921,0.5728607163608833,0.17558424675746523,0.040357,0.06728432,0.17515318,-4.067570781221385,0.8844834736484627,1.0601282104691507,0.4694398394278346,0.4381595571789988,0.4677812712386542,0.45270184588394957,naranjas
15737,5474.046766332929,13605.836471861472,24801,5278.910872519065,12962.079084804092,13670,5547.852737771615,13592.492568542568,0.20154747596153846,0.40115971027952674,0.8753667209957579,0.49457862070098885,0.12896478490640115,0.12366209,0.10918767,0.13952547,-2.0795654085324227,0.380014621707624,1.7610229125664898,0.44620784993928186,0.41028535290010304,0.47724429880104263,0.3887578094603939,naranjas
4055,3157.9753007267173,7655.15,7967,2936.1093303894527,7238.686904761905,5118,3097.9585213491805,7547.010714285716,0.20202474690663666,0.4015181109465573,0.8711605044580517,0.5614791692828321,0.13782477919499214,0.06725672,0.08290638,0.13912942,-0.7338005438143543,0.4937957832192702,1.4888861248977603,0.4519178594397331,0.441751898120806,0.46053274704237146,0.43789901427375644,naranjas
7640,8361.05017327369,22577.171428571426,11691,7904.0528844384635,21505.0550976801,8035,8305.555128948336,22356.468253968254,0.27745643028846156,0.4477478359175661,0.9221172951670673,0.5243012474959868,0.20871801250020328,0.07226901,0.11753695,0.17206548,-2.466424415242834,0.24984376355194046,0.8903690635998993,0.44851425211411694,0.4529483853701452,0.4736394165723896,0.40225005965547894,naranjas
1156,710.48223060116,1859.3499999999997,2137,653.8027225394522,1752.8357142857142,1283,698.159007676618,1833.5261904761905,0.5017050298380221,0.5001036906898831,0.9260006806460958,0.6094112411319663,0.18681379093693617,0.07495981,0.118684046,0.18410607,-1.3439261181629314,0.2663733501895569,0.9238336729359363,0.456145060552744,0.44199687415689876,0.4542876663462177,0.4216180243218932,naranjas
10323,4091.8514147021515,8911.50497835498,15666,3950.742335308644,8481.997183372185,10047,4113.033673579636,8819.009920634922,0.21136944110576922,0.40828364040515974,0.8730664537959685,0.44916955228815836,0.18679410146599976,0.107418545,0.15171188,0.22363046,-1.7168854771716004,0.7430962642214208,0.9309409206280536,0.4406958270487682,0.37969718379596235,0.45292307692307693,0.36553413931304973,naranjas
3599,2643.495413273872,7647.532936507937,5481,2441.31890583758,7236.869841269843,3066,2600.588779488214,7579.4,0.5021224984839296,0.5000207645068551,0.9507746579326036,0.5079281740676532,0.10744264129826298,0.06762298,0.15804136,0.12832783,-2.7887647142074923,-0.07689286365047575,2.1951502222928525,0.4655935464604195,0.444047261526528,0.47739983442769823,0.39367430932730696,naranjas
5638,13955.512817521254,29716.666666666668,8856,13389.830544110706,28754.396428571432,6402,13911.446545920377,29545.68333333333,0.31642597853535354,0.4650858480120611,0.9663932479163405,0.7001802040893017,0.1633903925008279,0.03425219,0.08295096,0.1232487,-4.442352316604161,-0.9879533500333156,2.4403969832906736,0.41676860700205337,0.4634914614288589,0.4214530342109737,0.4548282753646525,naranjas
19342,13287.882750837322,27996.10277777778,35848,12872.85251993512,26719.144588744588,20964,13269.657079216478,27740.24325396825,0.2758601262019231,0.44695085699814346,0.8965492445922442,0.6347673891538177,0.12660078149037401,0.18856226,0.101181515,0.13219024,-2.191763090325538,0.079116167382163,1.9458297235454391,0.4217890725662746,0.39218983868731033,0.42277986612031115,0.39906274214515197,naranjas
961,383.91144812313166,1313.8166666666666,1609,341.9766073871135,1201.4178571428572,1039,382.60031364336334,1301.8166666666666,0.5036623648412976,0.5000738065446254,0.7909901337773761,0.5739966697250822,0.3728616576613323,0.09760129,0.13654113,0.19942267,0.14248789681765506,-0.25030275511906613,0.12680559729220736,0.4862490036665072,0.3714241551910444,0.4911461820500557,0.3896775650481227,naranjas
12063,9251.213650110994,26183.366666666665,17557,8642.383872520359,24721.763131313135,11382,9188.10263329704,26021.35476190476,0.33901742788461536,0.4733802064661391,0.930160319765448,0.6074521688522819,0.20572383334289326,0.056031886,0.12865347,0.15046717,-2.0307734606091215,0.5310505260424089,1.1779474942503267,0.46009788530796936,0.4234387640712872,0.4693460290098946,0.40444956591838976,naranjas
1153,2322.027777611629,5773.166666666665,2349,2213.7249151599663,5497.699999999999,1826,2319.6404893862323,5699.316666666667,0.5110311375371617,0.4999174117712991,0.9771708987744744,0.6164896721234582,0.18216338023369616,0.04902125,0.11157522,0.15448767,-5.000653450747613,-0.39474085978439055,1.559178698599098,0.4511917639598642,0.4568354460047534,0.46689461665029575,0.4087471904113942,naranjas
1797,799.1145099420984,2456.5666666666675,5113,716.9839607689979,2198.7376984126986,4131,762.5837658906725,2314.662698412699,0.48292682926829267,0.4997592129422124,0.8878183517649167,0.35202537362025593,0.09551865738261157,0.097364746,0.14687921,0.16260253,-1.3853990169093755,0.9433290276572452,2.271229672591732,0.4705918326509597,0.44914038786999444,0.4808371049371475,0.4098565936149196,naranjas
15127,9743.729470792998,34857.12301587302,30847,8897.369892277155,32667.465873015877,23662,9451.66419208808,34178.419047619056,0.4109637920673077,0.4920133127228758,0.7985698673536541,0.3930264657422722,0.17150496128226408,0.1310661,0.22150818,0.21465936,0.053748842457738866,0.40642289572699786,1.0612613561385738,0.46146589748772887,0.45384219217412397,0.48899877159428407,0.33821797894608624,naranjas
8292,9089.47974308761,21526.80515873016,14481,8584.432188560872,20561.277380952382,9719,9108.023989867395,21564.213095238098,0.23963341346153846,0.4268637517720068,0.9358179380464802,0.5492452503002708,0.17376520496029071,0.041002456,0.117042825,0.14361797,-2.043196590642654,0.9960332076556604,1.2974300076836833,0.4275446027056528,0.4330693021879727,0.42824148578718274,0.43958442281428123,naranjas
11585,11177.450737981359,26335.197619047613,25135,10679.49577461408,25093.297222222216,17342,11045.85949575677,25940.75476190476,0.24983097956730768,0.43291913904703033,0.8316906053199867,0.6184637542961023,0.12344676877842178,0.22984126,0.09549853,0.14882179,-1.6398818551457188,0.38009925743132,1.4442043637043984,0.4354257897235769,0.4143346019095029,0.41908009580643857,0.41080045856506514,naranjas
12259,12052.563752164931,29527.233333333337,20809,11602.736659943635,28318.873412698413,13538,12044.243023121046,29446.57261904761,0.2815129206730769,0.4497412531165343,0.8701920539731376,0.5918812253335928,0.22607412216503778,0.13403556,0.1525704,0.18764952,-1.9291564844663396,0.14223996012353038,0.9360555775801326,0.42949619368919617,0.40137824493531715,0.41869426626386763,0.37329466887616164,naranjas
11704,6859.6803861404505,21227.279761904763,21568,6375.463904689603,19740.193650793655,13180,6797.333594873801,21020.04523809524,0.22643103966346154,0.41852516473425255,0.820395048532268,0.44052235944736257,0.13919412784534949,0.16182974,0.1599757,0.17216109,-0.5359221181551279,0.1490967128719204,1.3288980928732619,0.4225028838163231,0.3990917058181707,0.4207356537713045,0.3766581789781428,naranjas
4657,2991.1967504662744,8973.02857142857,8092,2802.7932495994064,8511.106349206348,4760,2991.0319289502745,9001.95,0.5106792717086834,0.49990782034398323,0.9553081703006046,0.542831170542128,0.1895092549897807,0.076364525,0.15076432,0.17531946,-4.469749968095395,0.09435245799057557,0.9635632047058493,0.4731037585551272,0.4232533686528915,0.4860728537839778,0.3663371072498483,naranjas
20830,8043.159951163473,24438.71904761905,28270,7616.974924469688,23183.67110389611,16324,8139.221707264153,24710.3369047619,0.3287823016826923,0.4697750997299373,0.9400553921787251,0.5204796655646776,0.1503393851803197,0.06220677,0.17754658,0.1741852,-2.125591648072661,0.06184993477097168,1.3440287373730142,0.4495516035871713,0.4195426469877855,0.4575329215548094,0.4082489979463882,naranjas
5069,4138.38072197327,9727.945238095239,7188,3879.748703202309,9330.746825396827,3968,4233.573431511493,9903.534523809521,0.5125330979699911,0.4998649566143982,0.9144986260537266,0.6189598993992925,0.16072879698197381,0.14579293,0.08643141,0.12926847,-1.8880965241397254,-0.17475879396950886,0.767042138611215,0.4772393264454943,0.4180430279583963,0.48072454989645164,0.4167231842711829,naranjas
5419,11171.857679007551,27129.00119047619,11133,10097.108447471484,25195.123015873014,9242,10349.723088083081,25876.663095238095,0.2776066706730769,0.4478224796893622,0.8982976928753774,0.615836440491223,0.16692386584745245,0.095048256,0.11965005,0.18852891,-1.8815147369099983,-0.21784781310577808,1.1256007960805545,0.4831984364710131,0.4278812877924567,0.4712567005856153,0.42374800532304213,naranjas
9792,19236.47790007308,35171.0253968254,15610,18734.573520632915,34362.740115440116,10480,19434.49649463551,35500.07777777778,0.3493088942307692,0.47675618431277744,0.9836258883315702,0.5429270446917696,0.045718886307116,0.03148943,0.07384805,0.09612207,-5.102633995855584,1.1702788002371616,3.7459467620667763,0.3774689295554942,0.46188506947346175,0.3911579764787624,0.4566744566076241,naranjas
1931,17045.79921857582,25094.0,4102,16703.376664614854,24304.316666666666,3106,16908.61064664983,24681.616666666665,0.2839543269230769,0.4509191564526453,0.9185333085046182,0.567017028408257,0.1682826067465309,0.083808064,0.093965754,0.18708903,-1.9341027264802362,-0.052271015857769,1.1043094010415515,0.4562952237305178,0.48260672166244656,0.48004183006535944,0.4381296855302197,naranjas
1343,836.7932839118631,2473.9333333333334,2076,746.3578230312858,2266.3646825396822,1558,809.7357593684497,2412.242857142857,0.5299569678914267,0.49918439916807344,0.9089756476753524,0.4152011043651921,0.057083886186054186,0.110583544,0.15332524,0.06534564,-1.6224000506750846,-0.30201000987514465,1.7360143628265585,0.48559004348478035,0.42295225826374355,0.47621920563097037,0.4190896502746396,naranjas
2917,3392.339900422716,7827.509523809524,5650,3191.2270367368096,7476.42380952381,3577,3359.6254255496997,7781.028571428572,0.503919372900336,0.5000126352920785,0.9499278860480755,0.5741897610107777,0.11056677990344821,0.051898442,0.08583803,0.14112145,-1.871775579252276,0.6011726179700129,1.8895036106125889,0.4537174137389509,0.44709364941052165,0.46313635751783555,0.44582031526496163,naranjas
4261,9501.210712325035,25910.85,11341,9049.861103906513,24911.222619047614,8034,9262.651888093387,25343.766666666666,0.2867901141826923,0.4522669410447275,0.9538884694725452,0.5245887450049818,0.09552303877489461,0.07950448,0.10917852,0.18474795,-2.500517294586563,-0.30438378334922195,2.1367387482939955,0.45395323132188864,0.447728872932571,0.4798176228800387,0.40336808606343955,naranjas
3452,1335.844302304726,3742.9277777777784,3642,1251.7667514357456,3586.607539682541,3919,1337.1263964188277,3768.6536075036056,0.44889807162534434,0.4974159960982396,0.8796641399137147,0.5542831763865725,0.235192087242,0.09879884,0.14221849,0.13064164,-1.7357124434399474,0.7138501415418529,1.2948712758493675,0.4900565759900798,0.3344099348498291,0.48777861019975255,0.41714481825872096,naranjas
2434,1660.189748191453,4387.366666666667,5535,1497.9886514923937,4007.384523809524,3877,1581.4414311001215,4282.273809523811,0.4901051329622758,0.4999407307549143,0.9474404526911608,0.5677153527460392,0.1725272381574696,0.08412822,0.14219068,0.18525413,-2.8113860864225737,-1.113631350537088,1.1555740619012718,0.47260970344505127,0.4022656412848509,0.4637598113826961,0.4169870492133508,naranjas
2873,2240.625359135257,4786.783333333333,5887,2095.831338633908,4366.167857142857,4299,2218.8100414411324,4626.505952380952,0.49541809851088203,0.5000148041847216,0.9456745202854286,0.5574115251293255,0.19646849194049415,0.09091295,0.104203716,0.16064657,-3.091148854381316,0.25658146106422125,1.0565374283926763,0.4775599128540305,0.43416802335041366,0.48482207697893975,0.4140693690663958,naranjas
1276,1065.7851565864482,2672.4333333333334,3152,977.3806832549946,2432.471825396826,2328,1041.7331712103633,2579.3063492063493,0.4342105263157895,0.4957030223267977,0.9558214152468731,0.5904472909671212,0.11012228993077235,0.076684296,0.13714576,0.17223154,-3.4585510247530373,-0.9401715243821858,2.1369775021337927,0.4730056177430529,0.4149815842411045,0.47268508084374666,0.4205161835452162,naranjas
13188,10069.075081654719,19857.571139971136,30294,9763.511970597465,19070.773759573764,18578,10046.91305824829,19725.82196969697,0.19576322115384615,0.39679080027551683,0.9318069701378172,0.6057683780226729,0.13055878888657133,0.15332463,0.077079214,0.1584683,-3.1537033390008573,0.10129622757912012,1.5872417478683136,0.43178607853579914,0.39644222508036214,0.4157907011553068,0.4047027789720566,naranjas
1651,1094.587136778064,3010.1999999999994,3201,1012.62925100947,2803.7999999999997,2295,1083.848697927898,2973.2428571428572,0.49930536260072245,0.5000689956305211,0.9105897292250456,0.5576395891690039,0.11303081232493067,0.083473444,0.12546805,0.16495667,-1.766193707989681,-0.054399959812106734,1.9447455720774718,0.4870164082214758,0.39065495965469027,0.48077382073990327,0.4098147055499812,naranjas
6959,2228.752117217166,5123.734523809524,16773,2031.7096249218291,4609.542615717615,11612,2132.8916990789758,4857.929761904763,0.46619263089851326,0.49888800227408564,0.8184293049381547,0.49452772321583377,0.21674420207450226,0.09691587,0.12478194,0.20153525,-1.4563383554055949,0.9154364816544667,0.9585057122353678,0.4675390961896152,0.3995757931889538,0.46642185438033185,0.37586341142080015,naranjas
23781,10798.556616511301,32692.25,42885,9812.067060512785,29774.5670995671,30146,10602.60279365402,32104.001587301584,0.3860051081730769,0.48683633357561285,0.8303127674617912,0.6188576852014954,0.12699170204725346,0.22731456,0.09574779,0.1520313,-1.6375889402342338,0.3776422230018938,1.3948294886823123,0.483313144574955,0.41458155669370084,0.48413007291398025,0.4079905170057685,naranjas
4522,3635.5159193710047,8387.185714285712,10413,3377.4531825030526,7790.748412698412,9619,3539.396700004112,8147.037842712844,0.4713728336811542,0.4992024609392889,0.9149590789049583,0.550814499751578,0.19221903608086818,0.13945882,0.09262603,0.16441086,-2.1628958747799216,-0.5233552090155008,1.10172342014186,0.46286189160658525,0.4075223462510179,0.4702013896320606,0.404395227039292,naranjas
8826,3615.6755938551787,10298.920634920636,13593,3400.028088119273,9634.752020202019,9505,3649.1829222443757,10259.136507936508,0.45621584699453555,0.49809627047359695,0.8918527036824777,0.5183695407614787,0.13299709173936772,0.06651325,0.16550742,0.15786314,-1.4187731582012049,0.33941356049269306,1.676524099494196,0.45802954772047483,0.4342986671020284,0.46529985800175233,0.4276522611177422,naranjas
2341,2996.8159769995887,8075.750000000001,3678,2836.934613275392,7656.016666666665,2612,2996.8993977109076,7986.1,0.5053629074247631,0.4999972724636734,0.9141111067509784,0.523304163560039,0.16558123716464346,0.107619375,0.106537335,0.15850551,-1.7310082259764454,0.10404242668973619,0.995128298946912,0.47090688537649594,0.42346860899704264,0.48547904332554814,0.367111347399571,naranjas
1931,701.6359454874016,1854.7714285714285,3213,639.1963704527741,1692.349206349206,1962,681.298759722928,1808.9928571428572,0.5029761904761905,0.5000974667514697,0.8687189422887098,0.48095186839603277,0.11682363704859886,0.08273652,0.10796909,0.1304878,-0.9313174230783203,0.0017164448442562113,1.8962980877701852,0.48872882486327857,0.41722111935877715,0.4827531012404961,0.3977509551693206,naranjas
1681,713.5285558406194,1882.709523809524,2751,660.5406876188628,1760.4988095238098,1741,705.0517711487576,1868.879761904762,0.5145299145299145,0.4998956637210303,0.8922257257801446,0.5030263491718299,0.1159979703526526,0.079071805,0.11007614,0.1303409,-0.7566568456349536,0.10414941900055424,2.1659162645662065,0.4816535389084408,0.4488532333211849,0.48222557399027977,0.39515148411336226,naranjas
1944,674.8570218942676,1803.916666666667,3334,615.2446667789977,1658.8984126984124,2414,664.1234824940314,1776.2476190476195,0.49848024316109424,0.5001062792568748,0.8824312234399482,0.4387944531424738,0.11648400805189119,0.09195617,0.10941664,0.13106257,-0.9425836536524317,0.3951078307876446,2.2208314908854447,0.46817705805726545,0.43583067926366165,0.48169054855984933,0.3948089920040103,naranjas
1881,378.7426566944896,1065.349603174603,2871,352.1959681768092,964.9654761904761,2084,389.2518464952992,1060.9087301587301,0.5275747508305648,0.4994049969291468,0.890663190483951,0.4020857096301127,0.16817120199880609,0.10793435,0.123819314,0.15148447,-1.583987864891039,1.0604871713382868,1.5551846753771066,0.4771017740429505,0.40079669602872203,0.48427264239028944,0.3960538088082906,naranjas
1108,464.5438622993527,1100.2928571428574,2395,434.20041455530645,1000.2869047619048,1633,465.0978391693516,1080.6440476190478,0.5384068278805121,0.49870011192405134,0.9081274145345893,0.45633428092426626,0.15249653764851775,0.09115124,0.114392765,0.16172862,-1.8138728629637346,1.177905545862614,1.6303253292226862,0.48530016084195643,0.4114343312532714,0.47554179566563465,0.4006057541233891,naranjas
897,376.81029709921677,1034.0111111111114,2248,333.92364396670087,881.4670634920634,1981,355.8117479791807,939.2932539682541,0.5227596017069701,0.499659451817239,0.9070288445956901,0.4435950413223145,0.16451952681899318,0.09740751,0.11209527,0.16514803,-1.8415951594550548,1.021572188268691,1.461569129086062,0.4910823772233351,0.41053337422100766,0.4892693093749367,0.38460186451636685,naranjas
391,173.4589288563722,473.4166666666666,686,151.65750888103102,417.6166666666667,495,170.3584456374265,460.91666666666663,0.5294924554183813,0.49947212823121234,0.917902197023386,0.5899173163241197,0.2921332388377044,0.055422273,0.0929344,0.1876239,-0.15607667827235874,0.35831910103329184,0.5461216923166805,0.45350483660130714,0.4268291354516366,0.4433317647058823,0.4533638685013679,naranjas
553,138.50631754544628,353.6095238095238,828,123.79014500355026,316.6678571428572,491,133.94028520202576,351.3166666666667,0.551304347826087,0.4977939517118044,0.9049296554780092,0.5597873047524095,0.22203389830508502,0.08061749,0.110854864,0.17775518,-0.8843791979088456,0.21402689966845195,0.8872208940547771,0.458658439221099,0.38453613178181795,0.4524229015277608,0.39919152160629456,naranjas
2181,505.4918396967453,1851.4678571428576,3674,453.8039224158381,1692.882142857143,1360,502.68280257036844,1847.8500000000001,0.526704298740773,0.4993948056022283,0.8321801208127448,0.4542386751515553,0.2014256334054767,0.14623876,0.2027892,0.19049329,-0.4748801945263466,0.3236520945241315,0.9504352563544286,0.47936564696800704,0.38068647801527417,0.48256238665679047,0.33035745227247704,naranjas
4462,962.4188277460079,3636.192857142857,5493,875.4804395302044,3364.2714285714283,3610,973.8275001251506,3677.333333333333,0.5066448579022694,0.5000069615298942,0.8163015458130212,0.45670825361752687,0.2459279818203044,0.13886832,0.16685651,0.17394385,-0.5802729368345925,0.07330679079421845,0.7687793672125197,0.49104784965850307,0.349158718340005,0.4900215548633411,0.35477099173814663,naranjas
9288,11085.758431429038,20824.426623376625,21406,10720.294865347687,19816.51396103896,14642,10968.420579098889,20439.241269841266,0.18303034855769232,0.38669503268386607,0.8983291255620935,0.5606419538887202,0.16178009112511202,0.172759,0.1215841,0.16923544,-2.460861216059757,0.2783109416273309,1.421533727842917,0.4307898977975704,0.38330332023248415,0.3987255711040878,0.3932745498504911,naranjas
6762,4921.795200940405,10744.919841269844,14178,4668.104326169243,10135.081782106783,9644,4856.393208956622,10537.232142857143,0.12531926081730768,0.3310836786777874,0.8529398051009732,0.6052507000841824,0.1632555218198579,0.22096722,0.07851436,0.1464977,-1.4676585133969082,0.9595506302456177,1.3915888421946996,0.45614330829405864,0.3919767801703222,0.46061799289034727,0.39743564080242944,naranjas
3992,3555.920977749646,7591.398015873014,6917,3359.8232096346974,7233.875000000001,4543,3552.125560843817,7574.613095238094,0.4003673094582185,0.4899977798456523,0.9589986773063771,0.552910652771114,0.16924228549833578,0.074743114,0.098290406,0.14852783,-5.01376678113624,0.662645951211569,1.5300767954070484,0.3724805542519933,0.42136101246222096,0.4012281445510721,0.4137628450344102,naranjas
11267,6321.810816530339,16421.757936507936,21557,5990.533198305473,15630.82991730492,14626,6286.181591395527,16210.739393939395,0.18680513822115385,0.3897586836323573,0.9036506819749531,0.5063459531844632,0.08710552343661909,0.119425446,0.09822626,0.13598682,-1.7607900125924463,-0.14896330075980896,2.381476235107257,0.44296284076496883,0.41733387911504244,0.44850348581528027,0.4114568376567888,naranjas
12686,9883.959884580674,20887.016666666666,17734,9312.689407469788,19807.284523809525,12028,9832.519005829585,20837.86666666667,0.2556715745192308,0.43624212827322234,0.9609130572498147,0.587435858136985,0.21138051885680556,0.04475484,0.067782305,0.116356604,-3.3927815774182988,0.8383586261113762,1.2823451565297974,0.4300617153804307,0.45633933529039306,0.4324205912286592,0.443588966550626,naranjas
3656,4104.220023341829,11251.183333333334,7432,3789.834429101092,10634.372619047619,5520,4033.5215383086775,11104.359523809524,0.13570462740384615,0.3424778594847126,0.9415112735389239,0.5533720462019532,0.15450522541967368,0.045456115,0.13387983,0.16376986,-1.7505896577149986,0.2348789416027773,1.2399173123654434,0.43439721986304464,0.464310292490201,0.45275203196993385,0.4089029637461017,naranjas
6166,5367.7769141423905,10377.998448773447,7931,5194.9833493477145,10061.71121933622,9051,5302.7213768026695,10172.094083694083,0.10483022836538461,0.3063374184702989,0.8075987644840491,0.6045079267563966,0.26429119950852076,0.24867103,0.095533945,0.15371169,-0.9338072244631156,0.3242528307570072,0.3825458736962888,0.4281607513480602,0.35742804626790287,0.38252012419309805,0.38911698781880555,naranjas
20744,11015.021243738025,27872.931349206345,28925,10590.514151824736,26578.220779220777,21831,11052.232353692172,27996.83275613276,0.3164250300480769,0.46508525305814935,0.8349385767211888,0.6122457214304459,0.20657122454557084,0.23450847,0.1347401,0.14696735,-1.437066525440712,-0.13136470835277625,0.8141162088650706,0.44994303781938255,0.3724855676228289,0.4533929401170714,0.37573451353161974,naranjas
1406,1449.9796550296835,3562.0,3540,1318.2124259769364,3288.848412698413,2554,1421.3655405981954,3507.096428571428,0.09380634014423077,0.2915618410441796,0.8628580128266309,0.5126115667878413,0.20327452883450609,0.06394764,0.109829,0.15567376,-0.4263023961353456,1.1769034307017694,1.3954686038048318,0.4523724065897545,0.46580806050947177,0.45140008545791194,0.44123745355405775,naranjas
950,881.5520404377725,2111.416666666667,2314,808.1689179868278,1957.0297619047617,1616,876.2088792063225,2102.47619047619,0.38059313215400625,0.4855958639986809,0.9109630167266036,0.5085942397149488,0.24354854673221013,0.05061303,0.105347954,0.13650754,0.11135200339420362,0.9150789952626909,1.100288057848031,0.43256090314913836,0.45065999805853907,0.4267209914268737,0.44193812778862296,naranjas
18369,13988.8126729898,36881.67896825397,35043,13366.872371650745,35577.52381784882,23276,14002.673173362293,36879.665845265845,0.3708308293269231,0.483031786845281,0.8789390409006226,0.45245408587705566,0.06269791976429916,0.12913384,0.13254605,0.10642817,-0.7107382661723617,0.08851438520840002,3.186949861326381,0.42786436511926706,0.39354644942590733,0.44198648120216744,0.43410702989239197,naranjas
4484,1991.6882286141072,4890.512734487735,7076,1832.723656201338,4577.372619047619,4338,1971.8790530861675,4839.1547619047615,0.28300665680473375,0.4504804671384738,0.7873760998652816,0.37227764669084673,0.15772009953407048,0.058352355,0.105808824,0.12939098,-0.12828371417454618,1.2546952878219437,1.6936228635579453,0.4112884291588685,0.44889012093664843,0.42164934852946767,0.43677090856163076,naranjas
3240,1751.8921199662952,4531.116666666667,5487,1618.928349248354,4247.928571428572,3653,1744.7716182927782,4504.392857142858,0.46734375,0.4989714132939605,0.7847695696743986,0.39953979367052594,0.19447207136469835,0.06400151,0.11201102,0.13529111,-0.15889822208366813,0.9849942800137922,1.4059119895471621,0.4670257846728434,0.4562831457589939,0.4765869424692954,0.43172143163622945,naranjas
23028,10714.389763304302,21371.165945165947,19639,10482.733756039022,20645.624181374187,17387,10748.540086914129,21536.118253968252,0.20849609375,0.40623708826928306,0.8253614169734624,0.5132288119478404,0.1420770600335208,0.1407459,0.13746618,0.16352557,-0.9839132674797527,0.2102915851801229,1.45900693247083,0.3903561976983636,0.39608028612785046,0.3932612484305605,0.3802955857208261,naranjas
9518,10868.989373442224,21880.961904761905,15958,10546.036317024515,21140.565476190473,11052,10816.825504740289,21706.538095238095,0.20162259615384615,0.40121558789821765,0.8086701540869697,0.6223038326038777,0.22651094267105293,0.2203879,0.10788772,0.14773208,-0.733677319205939,-0.21202520355693233,0.9580362043693867,0.42608050409463694,0.37869129371832466,0.4177727967759334,0.36966048856325284,naranjas
7522,2714.5250044897357,4862.9333333333325,13070,2593.056690471691,4639.922763347764,6684,2728.2602515156063,4872.798051948052,0.24271844660194175,0.42874646285627244,0.8374312390667632,0.43790896509086913,0.19199246878973836,0.15548478,0.124927334,0.13174522,-0.9530856649210908,0.9131895591746999,1.5865635810183665,0.3686855482933914,0.3925391447737602,0.3851851851851852,0.38169018075405836,naranjas
16576,7729.647210578242,19770.05256132756,29025,7297.888598766084,18508.36462148962,17297,7649.943463843377,19597.022691197686,0.2144493689903846,0.4104436634814188,0.8009741327859818,0.5140835844359107,0.1629893590695196,0.16804902,0.14196879,0.18565506,-1.0143272055759702,0.11125742366200571,1.1557957729650215,0.4451503825410762,0.37216799487420954,0.42104770266315483,0.38542530345408244,naranjas
17148,12168.664963750132,21415.995382395384,18771,11895.789759406476,20766.096320346314,20237,12057.11930769535,21092.554040404048,0.1769080528846154,0.3815944553492289,0.903651711887338,0.5596189518030432,0.11867827836639251,0.16635606,0.0857872,0.16367874,-2.017236022691281,1.0436863069326279,1.7300957962308618,0.37592222771461525,0.3827618192280693,0.4225891140770034,0.40154278165068763,naranjas
19334,11042.858868970481,29207.474603174607,29015,10417.424249784588,27556.923015873002,20013,10950.785359963915,28787.257142857146,0.33950570913461536,0.4735459787036619,0.9392118989070782,0.4944715157829291,0.12767243418375018,0.058396745,0.14667642,0.15148023,-2.0577968937526325,0.7882995464693837,1.5597953394998532,0.4282754698030337,0.43096373238377467,0.43198791030019856,0.4158057022075519,naranjas
17102,9883.082009171027,27756.05,25613,9372.533648912657,26444.913095238095,17603,10039.152155436235,27919.226190476187,0.3374211237980769,0.472834334319755,0.9247462211065761,0.5178834378092164,0.1412045854772527,0.06599954,0.119898416,0.14611728,-2.534518634975063,0.36864253245811757,1.6663467153454172,0.44930846363071425,0.44550624143206585,0.4600607690121757,0.4261580917382253,naranjas
18198,12609.997383029071,26815.2003968254,17770,12323.661225463802,26274.64603174603,10716,12681.671104393143,27052.37976190475,0.2526292067307692,0.4345241495261801,0.8681291508267879,0.5248780370188831,0.1075382632900039,0.21989071,0.07880473,0.14361317,-1.8592578042941539,0.3153936264611509,1.9373260698569446,0.40618219852823734,0.4062253199796442,0.44729488938400663,0.41224797392124113,naranjas
5908,8662.814438737563,19569.199999999997,10980,8320.083172661196,18599.245238095238,7944,8626.32766593062,19244.083333333336,0.22795222355769232,0.41951556883584695,0.9426082753216216,0.5746544607278684,0.1753945320917586,0.06344114,0.1029953,0.16302016,-3.0827628208783002,0.159850261525563,1.2761264601354965,0.44289571684529666,0.4542815080680632,0.4685059609429356,0.4177261180314687,naranjas
9804,5913.554768495849,15133.051190476186,15010,5544.150611229821,14306.610317460318,9292,5899.873812209885,15104.278571428573,0.1822228064903846,0.38603167473206507,0.8613737932649511,0.500614364446684,0.1587472644899601,0.1020071,0.10092307,0.092013866,-0.26377760222713387,0.35430243302486475,2.496093905386772,0.42990288312336555,0.45415510809382453,0.4445515081147752,0.4137023228512814,naranjas
9358,12374.835998913279,25545.40400432901,14709,11985.005047975574,24715.430230880236,12875,12311.251926591382,25322.207936507937,0.22857196514423078,0.41991681721826524,0.8927901241599473,0.5911338654818143,0.13069632646666063,0.18520159,0.10536848,0.15066373,-1.7259816935403602,0.22234627647767333,1.4136523448528344,0.4063876230873792,0.401052124113571,0.41042735653257456,0.3954776217752647,naranjas
6130,2497.342587631901,9027.58611111111,15326,2244.5199932279506,8309.261904761901,8878,2432.0178864473837,8863.155952380954,0.48935500125976317,0.49990241537254004,0.8582432861475789,0.5650416205938953,0.1405392977961687,0.12626538,0.14028531,0.20492615,-1.5853234294125067,-0.12623751384012016,1.648241190579402,0.48819796006749994,0.3610270471441619,0.4908740647820438,0.3559070503718307,naranjas
3341,1004.2878073540473,2974.376984126984,5445,909.502061569956,2748.3404761904753,2626,1009.8366204490704,3002.8500000000004,0.49081632653061225,0.49996667263778294,0.9045519266708336,0.5319702767642607,0.12030642816884811,0.10543631,0.19527507,0.1446923,-1.694725210389856,-0.09529226755950249,1.9932797619944924,0.4549586214035488,0.4280984080732666,0.45774806727358913,0.41516046501360465,naranjas
3526,1128.9428683507417,3112.477777777778,5864,1031.9888565289841,2907.8214646464644,3152,1122.444653423945,3118.297619047619,0.49871057329894863,0.5000479379254547,0.9158418227626398,0.5357257092781238,0.11270164676671529,0.09877747,0.17207266,0.136685,-1.9279450226337507,-0.09922429744987035,2.28747235702912,0.45797174783892053,0.4265480284360262,0.4623796471993815,0.4246809955187731,naranjas
2384,1074.055864468883,3125.600000000001,4232,981.3928876856608,2916.3857142857146,2210,1082.288778469037,3137.259523809524,0.49363425925925924,0.5000077040802487,0.9163934901381361,0.5358897439241755,0.1164543570569412,0.085343994,0.17612411,0.14466609,-1.9573425221973042,0.07083215268169596,2.229738065593142,0.45725061609343187,0.43589592179721276,0.47123968713168335,0.42629872116020145,naranjas
8734,5357.899775098448,11485.6091991342,11996,5105.466677983512,10992.767676767678,10336,5299.354866396475,11266.327020202018,0.12614558293269232,0.3320164831101466,0.9156129018487437,0.5457837400846767,0.07547512133169873,0.17431748,0.10314561,0.13674633,-2.8775709604416724,-0.23744379581873953,2.7223571266707425,0.41505039903760477,0.4126705219586323,0.4067018326601514,0.42595345165425563,naranjas
10716,8639.361087487894,17148.068253968253,23252,8380.756529096881,16402.988095238095,11988,8623.233790174078,16954.710714285713,0.28336098144361715,0.45063884656628633,0.7937908496733109,0.4614317155434036,0.21068379732846806,0.14992349,0.1712096,0.14993241,-0.4551586944883531,0.5875362540879454,1.6424865053993265,0.35754603040256866,0.3650379552865252,0.4013278788733719,0.34907028580741867,naranjas
14716,12231.538333341396,21116.808044733047,18417,12023.837906425719,20484.215404040406,21057,12229.674443745425,20844.61590909091,0.17784705528846154,0.38238753410194104,0.9161489809024005,0.6042250547595066,0.12075977093393862,0.13335988,0.090211384,0.17021179,-2.4731016754285284,-0.08405285313230267,1.7046347681718512,0.40007174081101976,0.39049976921612006,0.3878231780167264,0.389054329249786,naranjas
4660,1215.16048322845,3568.2535714285714,8308,1091.1333557361354,3238.2218253968244,4434,1217.6805820903937,3558.154761904762,0.43873873873873875,0.4962775782803036,0.8214748224871364,0.46113999088007795,0.10287017132434415,0.12834787,0.1509963,0.14505105,-0.5587459010558434,-0.0850114988345329,2.218980276523993,0.4302196681476751,0.40680929744878647,0.42575476745801594,0.3986248569590468,naranjas
3863,8385.71368459477,18931.516666666666,5868,8001.505983250903,18288.28888888889,4239,8369.615522830185,18887.260353535356,0.34557166466346156,0.47555876237148775,0.9704536827913682,0.6372734391847684,0.14951721250593206,0.042058945,0.075715676,0.15184265,-3.8286346573612797,0.024344332695858586,1.5210706020134077,0.45126036460722063,0.47041886634312485,0.476824415161129,0.434070815925355,naranjas
16050,13187.773200961563,28321.502380952392,23366,12611.61773921173,27258.700000000004,16728,13184.580539402838,28300.1380952381,0.3186786358173077,0.4659684973683023,0.9537294532527398,0.6280968348179514,0.1209648805045241,0.05009212,0.07530719,0.13599478,-2.530088999771987,0.6797469509947096,1.7507988282907885,0.42220524269309384,0.43941527246419243,0.4238540135215602,0.4362944233413479,naranjas
10490,16631.23934047009,36727.16706349206,26662,16082.27533653121,35459.089393939386,17056,16605.911989409073,36416.600793650796,0.33206881009615385,0.4709599568262241,0.9406952400335251,0.5996694871720101,0.13940792003072514,0.09148567,0.11186701,0.13725083,-3.1619168010466354,0.02395460404467725,1.8465360758976868,0.4025088754899323,0.4136582466915904,0.43457352809296973,0.4139044872372899,naranjas
2376,3139.4260621967196,5454.1261904761905,3772,2995.1891426085267,5212.642857142857,2232,3156.8218194887086,5474.966666666665,0.2938239644970414,0.4555333444527552,0.9656923964947498,0.6109740952580582,0.22640237183187226,0.036934756,0.053594373,0.10506797,-3.7425010224712287,0.33724076137320297,2.0791562953088376,0.39689298995782685,0.45184215362205304,0.40327373378449277,0.45533036759817647,naranjas
4768,2657.053255017671,6801.311904761905,10476,2432.9023819298627,6325.29246031746,6552,2569.9303492507343,6666.454761904762,0.2284818339100346,0.41986595074317196,0.9401300434041306,0.7041434868521114,0.1646673759943258,0.0953579,0.13885517,0.12440522,-2.292861434117315,-0.9031787279887109,1.5322841117164443,0.4186065600114715,0.43328546657804135,0.41383863930979864,0.4468620289145503,naranjas
4521,3825.211105285563,10148.333333333332,8409,3560.79064253994,9551.69761904762,5914,3811.1256867230186,10099.639285714286,0.37103704563929857,0.4830963752674814,0.871568052710616,0.6306051556512365,0.18007857850608638,0.20293663,0.11761723,0.17346321,-2.0437864786172724,0.1713608395336611,1.0287630291994185,0.4547606904259718,0.42128346082636337,0.4629315573631142,0.4064886728071927,naranjas
2520,4981.3959890777605,8937.833333333332,5654,4784.746492762182,8515.838095238092,4386,4964.037066743156,8884.023809523807,0.10922475961538461,0.3119239310088635,0.9696419782488142,0.617219973009435,0.10238787012780501,0.048603628,0.072093524,0.14401895,-5.509048876061867,-1.0994061947777793,2.1627503844621807,0.4309216497056338,0.46175765691902826,0.43922405563532596,0.4515603791735986,naranjas
9518,10868.989373442224,21880.961904761905,15958,10546.036317024515,21140.565476190473,11052,10816.825504740289,21706.538095238095,0.20162259615384615,0.40121558789821765,0.8086701540869697,0.6223038326038777,0.22651094267105293,0.2203879,0.10788772,0.14773208,-0.733677319205939,-0.21202520355693233,0.9580362043693867,0.42608050409463694,0.37869129371832466,0.4177727967759334,0.36966048856325284,naranjas
1444,923.8392717350783,2539.216666666667,3764,823.5095627860068,2286.5142857142855,2858,899.7055073744964,2429.9202380952383,0.44598825831702543,0.49712281582088763,0.9240575790536186,0.5720159528079132,0.24348022067397754,0.08688775,0.13726284,0.16250084,-2.3066053825316524,0.20378986097231386,1.11510227002502,0.46567989260799714,0.43834918866995326,0.46353909465020576,0.41699754058067906,naranjas
1563,993.5421480742525,2659.8500000000004,3825,902.453322892658,2400.2666666666664,2838,979.1159277634084,2556.1595238095233,0.43822393822393824,0.4962169416519388,0.9153485889898094,0.5419898602331615,0.24015421278788554,0.08096395,0.12315004,0.15814371,-2.2181721353220207,0.5327930557932656,1.1643279075828614,0.46251910227142423,0.4437223309558522,0.46550791714878403,0.41568434653493797,naranjas
1527,906.1556157746858,2520.883333333333,3696,802.9221631017542,2260.0166666666664,2671,874.3014354328832,2411.0928571428576,0.4616780960064542,0.498579551468845,0.9122931646885657,0.5286956019521233,0.23021167229778502,0.085585445,0.128101,0.16114345,-2.111926465111619,0.42054102423801526,1.1237902584018835,0.4618219614889981,0.43771131192123525,0.47557740077162935,0.4138012711117263,naranjas
3377,1878.4546840421783,4479.403571428571,5803,1762.179900010212,4137.444444444444,3266,1841.9096069025754,4344.559523809526,0.38732645069419724,0.4871609520455643,0.7276895609170119,0.32152965403191297,0.10978285485561483,0.077022314,0.1233196,0.17384565,-0.5240797559126533,1.5632470227180848,1.9487834125844805,0.4497962322183775,0.4728298956938013,0.48837831603229526,0.40402108353276756,naranjas
9769,6518.820598850684,11310.831782106783,33079,6261.923266856597,10617.788068875569,18592,6457.951997344049,11145.501884226882,0.09915865384615384,0.2988777221468571,0.6844278171349719,0.40212617297708303,0.2240052358336196,0.14711525,0.16114016,0.25344002,-0.1638783474663957,0.48653713452719566,1.057449203346001,0.38010347232358616,0.3858462320050034,0.38228320277656136,0.39342935099715753,naranjas
30742,16239.95270929075,34010.84657287157,53381,15841.995139501842,32538.831415806424,34499,16225.70534676382,33620.59999999999,0.3102839543269231,0.4626141385288985,0.887842323651352,0.4527570308897489,0.12736772163912932,0.16917607,0.17218882,0.17579593,-2.229724006689398,0.3021021268444328,1.6054546635064724,0.3977012516373088,0.3889016879947305,0.41305213443402056,0.39377079413097205,naranjas
8017,12384.987323368563,23695.146428571425,16528,12025.063575715514,22956.526923076926,9513,12390.053107230817,23819.309523809527,0.21172626201923078,0.4085356611198769,0.8990547873499107,0.6784566965725966,0.1696709573916678,0.16375418,0.076018736,0.17351727,-1.494827190249612,0.23949496399835413,1.1095309335318826,0.4079789491554197,0.3964946722110905,0.3797688772478688,0.40101269369540005,naranjas
7152,8996.241437400398,17241.42976190476,20102,8646.319448181404,16335.605627705627,13096,8846.109540357274,16785.253571428577,0.15769606370192307,0.364459201774633,0.7164046795188826,0.5860302356236868,0.18405791728455848,0.3203578,0.09583055,0.1567232,-0.5587965369400945,0.49586710903874737,1.1728851288158295,0.3980248588732129,0.3792524130085137,0.3930776175913791,0.3790987999138339,naranjas
6484,8144.803865041809,14972.462698412699,13862,7876.6626816184025,14406.805158730162,8608,8122.518328695848,14827.62976190476,0.14317908653846154,0.3502586753731785,0.8572663496536528,0.656941509138618,0.21666568823138102,0.19563699,0.09632144,0.15253744,-1.1008246138982425,-0.3967061078099664,1.1746956141126546,0.3847548820097839,0.40180542738709085,0.40395891690009333,0.3786045056906295,naranjas
7149,19847.76554174298,35396.0,15831,19463.498914635056,34372.73452380953,8922,19902.354534074606,35374.833333333336,0.2719914362980769,0.4449896781107219,0.8607098451825191,0.6458172398538563,0.22279024252473006,0.21839014,0.06506523,0.1771158,-1.3308134219171837,0.4819626995173563,0.5845348146284616,0.4094513493430433,0.38408826117505673,0.4107136441141127,0.3680483217333451,naranjas
8734,5357.899775098448,11485.6091991342,11996,5105.466677983512,10992.767676767678,10336,5299.354866396475,11266.327020202018,0.12614558293269232,0.3320164831101466,0.9156129018487437,0.5457837400846767,0.07547512133169873,0.17431748,0.10314561,0.13674633,-2.8775709604416724,-0.23744379581873953,2.7223571266707425,0.41505039903760477,0.4126705219586323,0.4067018326601514,0.42595345165425563,naranjas
4386,5935.331246021573,12194.65476190476,8744,5672.93627674417,11677.078607503609,7662,5921.431414784774,12050.676190476192,0.12811748798076922,0.33422372011698065,0.9492335700232725,0.6607744420798853,0.2402446331535764,0.10621253,0.06817116,0.1523973,-2.925732633525853,-1.6011208528611365,0.7585221721082991,0.4124017796327696,0.42857959004895213,0.4082465979740011,0.41736985931504994,naranjas
23492,8109.849073811423,24436.50241702742,27754,7645.855870993122,23321.422763347764,20544,8100.513317068247,24547.61868686869,0.29922250600961536,0.4579217574423483,0.8415348935272322,0.5131881067839102,0.2986483840847979,0.1888139,0.1332811,0.15893796,-1.0983002270304434,-0.3554084167482755,0.38923584827959734,0.44181456992349466,0.3795224704570879,0.48924256541894423,0.3976181472797461,naranjas
6080,6471.246402355577,17063.466666666667,10202,6023.923057277541,16096.534920634922,6880,6407.6624442927705,16902.956349206346,0.19647686298076922,0.3973369731417693,0.9342435311415391,0.4573858426980487,0.15491486856023864,0.060881764,0.121443875,0.16852699,-2.9394880963739918,0.5692963114825265,1.2449662457323203,0.43655004485454313,0.4595704753296193,0.4518945704643512,0.4213551267976512,naranjas
27038,10884.521027587754,29103.840476190482,40175,10298.337875599149,27323.42896825396,27791,10861.374130375954,28730.60833333334,0.34468900240384615,0.4752712237389616,0.9248906523631141,0.49498016091236785,0.10352253083022585,0.059032675,0.13496724,0.124998696,-1.6832393904043368,0.6932636844438972,2.1816445529616826,0.4308129801628253,0.4464947788331487,0.43224400871459695,0.4184088524717394,naranjas
15964,8876.776667236818,24815.803571428576,27050,8488.78507208187,23733.389610389604,18540,8985.441781014442,25048.726623376617,0.28555063100961536,0.45168052820191423,0.9460877953630367,0.5226742850681891,0.1396326488785932,0.058631707,0.16963121,0.14922808,-3.0145217786832923,0.002944924884977407,1.4397406969500584,0.42141781468922845,0.4350574567150362,0.4253205562926925,0.41455713648205567,naranjas
28346,9326.705634895958,27128.57182539682,41472,8784.811836345729,25354.17186147186,28422,9268.491031446272,26663.994841269843,0.33678260216346156,0.4726142992285637,0.9244073259809251,0.5387724096020325,0.13775209871244412,0.08011396,0.15757,0.14306967,-2.299937582289408,0.148534163776178,1.4713784915046728,0.43737743188283573,0.435484080628488,0.4441046607204515,0.39507115274294935,naranjas
6422,6729.403316788198,13939.08253968254,18821,6471.060964015097,13201.316955266953,15589,6681.809036481063,13602.559632034634,0.1509728064903846,0.3580257329619136,0.9581115914366534,0.5180202541450172,0.16637319029188793,0.07997808,0.110988356,0.1612822,-3.610959863856448,-0.005131747161559691,1.4204932915258928,0.4339660103728332,0.40292513330934404,0.43416034284837085,0.3782141702344515,naranjas
23488,14655.314803851878,24991.179170829175,37920,14320.510465762036,24012.126351426356,23864,14622.904431062934,24765.78901931402,0.20601712740384615,0.4044467117021927,0.888566036325513,0.5540044098960443,0.13555042728652852,0.13199013,0.13425943,0.1540093,-1.6376336685972095,0.30753705718424246,1.5152210279457619,0.3226359022618798,0.4075092216716182,0.38172114434610177,0.38305618442292466,naranjas
21484,11615.101721465895,27531.358333333326,29149,11275.84883722729,26645.241883116887,25515,11694.187359538926,27762.548088023086,0.3049504206730769,0.4603907494907575,0.8450561704595934,0.6047162459063871,0.13419537370972145,0.2065381,0.118939385,0.14300987,-1.7619093455436017,-0.12893543766290297,1.7230689166493363,0.45006482632603156,0.3922941305234797,0.4573130962103459,0.39991831632777597,naranjas
13400,8412.05474304584,15793.295274170276,26547,8191.597646369113,15205.31032023532,21255,8410.409264714768,15604.746389721391,0.13579852764423078,0.34257771607444515,0.8716532792427968,0.4701874239351236,0.12127762001351847,0.1347819,0.10371411,0.15320478,-1.3580532431100552,0.6106638395201336,1.915975714755344,0.43139852263847184,0.3873118225362175,0.40504992831131914,0.3922817671693148,naranjas
3232,4223.830489022967,11405.416666666664,5716,3966.3741628847874,10886.837337662337,3824,4197.4712625579705,11313.848015873016,0.12721604567307693,0.3332179596362699,0.9655008687284916,0.5952636963924579,0.14002600933226064,0.04641996,0.1395679,0.161086,-3.9884837660435055,0.056804762811802204,1.3287228254078183,0.44217710683093286,0.4320975769149489,0.4524891962684779,0.4169277845226452,naranjas
3290,5348.925219144497,10943.533333333335,5037,5151.788039118069,10579.883333333333,2913,5381.540857412494,10995.3,0.15279447115384615,0.35979265116175707,0.9624117626520392,0.5013631219744668,0.07362994637469286,0.038245525,0.097062424,0.15544716,-2.2872691690264224,1.3199445881072622,2.719666574137164,0.4277637114238421,0.47363976466394975,0.452858959177042,0.44936520432708077,naranjas
11378,9109.082829791372,12902.923051948052,15724,8954.131001945414,12551.269383394383,18856,9088.845911335498,12710.947341547342,0.09930889423076923,0.2990791159561897,0.9381879890072087,0.616876661310404,0.09736042489500135,0.126853,0.08046645,0.15978135,-3.0451422938071255,0.5478911362759008,2.1878608693666792,0.3307788304702412,0.3994970090609299,0.3424823645092255,0.3901519393542953,naranjas
10825,7122.0049143482065,11500.358333333334,17933,6956.4263095356655,11168.882431457432,9374,7144.1640518677905,11551.311111111114,0.10265174278846154,0.30350633014090017,0.7565130084463986,0.7242569142015697,0.1310993695536648,0.29099312,0.12224495,0.1874447,-0.7260562420780813,-0.6198845431553359,1.5675267738428595,0.33040587428386986,0.3803216712778769,0.4110965867828613,0.39153114244714493,naranjas
5852,9386.521933069778,19094.766666666666,8919,8912.704527807482,18386.828571428574,5667,9282.232382352857,18967.285714285717,0.22838416466346154,0.41979536391856204,0.9754415632542974,0.596441108708565,0.08865517948569955,0.03770691,0.06475504,0.13324916,-3.5811610272415484,0.7100789608345306,2.319401697031193,0.4216397359254502,0.4610056761801738,0.42624042624042624,0.454987417579294,naranjas
18224,9810.412325687437,18445.99885669886,26860,9535.480008893102,17858.23622488623,22636,9725.40323071491,18191.310281385282,0.160400390625,0.3669804279637515,0.9165443889733327,0.5821159105708644,0.09535576296938997,0.15628465,0.1051285,0.14294967,-2.8280291103982678,-0.06977831391959906,2.230554086145775,0.37057650018112887,0.39175040377177417,0.39792441566790643,0.4048587312178205,naranjas
13138,8130.96519485848,14126.79087301587,16000,7941.517109469702,13802.452380952382,11992,8153.703330389204,14138.703174603175,0.1304649939903846,0.33681747260941297,0.8681285096198288,0.6094952284512951,0.10804136365030767,0.19947039,0.098745115,0.16391546,-1.4136790787085438,0.13718357502594156,1.8199665384208168,0.36032418300653596,0.3918348934674117,0.3861542483660131,0.3944073773125479,naranjas
14308,6725.148028110608,11338.069635919637,23709,6511.678739004252,10799.653726828728,14883,6703.866496284066,11290.889357864358,0.108154296875,0.31057810039112194,0.8681357372670624,0.6083973418177825,0.09548601811877494,0.18531157,0.10835266,0.15118901,-1.4117445688275718,-0.4191828151397243,2.243648301545145,0.37950147231192977,0.3904978866300315,0.38377885175270793,0.39136943996306633,naranjas
9806,8134.895942788697,19396.523953823955,12527,7786.27921410477,18650.38896103896,11139,8115.997289304623,19342.851731601735,0.21876878004807693,0.4134153004714339,0.955824102886559,0.5705894849973216,0.1518833721435433,0.10253697,0.119674556,0.15090127,-4.368381174959977,0.7550411846880176,1.487092049828167,0.4347581956914798,0.4041431690079953,0.4324427157412324,0.41509788865007313,naranjas
12651,8448.491403795118,18264.635317460314,16787,8201.75493415891,17535.005158730157,14900,8436.30013690836,17992.85678210678,0.19482421875,0.3960690452150048,0.8313946433214816,0.49789679241715856,0.13889123994920505,0.19784304,0.12354147,0.14607446,-1.590809640405184,0.41224885254486315,1.8254683177990085,0.42878491550072717,0.40377513462254827,0.42789735893726,0.3804238947979142,naranjas
15007,9741.842125594112,28145.752380952385,23545,9142.727820513963,26672.833333333325,15242,9783.995042925972,28344.44523809524,0.3217585637019231,0.4671553155355049,0.9391634047542115,0.596730965359292,0.16115089052853562,0.05098896,0.14696161,0.16795078,-1.6191173973962327,0.15139217690267218,1.1715718295050457,0.4323690723690723,0.4364553280632436,0.43640423875717993,0.42456532778198297,naranjas
20302,10022.963932889314,25087.2064935065,31761,9650.652827658863,23885.698806748813,17593,10099.194621354714,25037.999711399712,0.27527794471153844,0.4466584204477087,0.8783658266499763,0.5003026744068595,0.138860888337065,0.12809296,0.11071955,0.14105126,-2.07737932952327,0.3591101996339604,1.6736519577234419,0.4321261695459842,0.4089342832164243,0.47059568897646964,0.38578982003809537,naranjas
19416,4387.1179605750285,7690.014898989901,24050,4270.631335060427,7416.049744699747,14378,4447.589796732608,7726.377824952826,0.14608996539792388,0.35320249728208175,0.909143572322552,0.6286131473866106,0.13773645628463943,0.16554473,0.13537669,0.1987247,-1.8115608770146723,-0.06502717892330567,1.4663247181939747,0.34340055408800974,0.38959794516908547,0.3779275390331379,0.3724164021803354,naranjas
9710,9922.830594139961,19047.299999999996,15074,9617.847576251144,18284.540873015874,15156,9849.871674290991,18761.807142857142,0.17598783052884615,0.38081338933306624,0.8996145404513829,0.5925273989306854,0.2443839016950528,0.18142834,0.09735388,0.14972052,-2.239604020892239,0.3963944155554416,0.9928278680671426,0.38618239078663796,0.39528692377907204,0.38901727140306874,0.3954358696255543,naranjas
28689,26802.99016900913,40941.74031524031,42207,26193.359635602304,40057.40891608392,36656,26486.871200653353,40485.7926961927,0.33287635216346156,0.4712471293191265,0.8142886220232164,0.5870284619037786,0.21055024085758392,0.19032368,0.09469433,0.20575792,-0.5029794571124027,0.5168069322309993,0.556357455895854,0.45214776508894156,0.45349105794881667,0.47654863654863644,0.4374339863343574,naranjas
2644,924.7961937637936,2638.5488095238097,5242,814.9815948842036,2375.0250721500724,2808,907.6827639654726,2583.9468253968253,0.17686760355029585,0.38157425987989807,0.9227081222334911,0.590530282829357,0.2440972037046925,0.09892601,0.16413492,0.14887825,-2.1262020690751995,-0.3338658131231791,1.0568173292629721,0.44849939975990394,0.3947614331280129,0.438468720821662,0.41117123127309063,naranjas
8370,6177.485329808562,15402.842857142858,12124,5820.208071881967,14693.442857142858,7512,6109.651053865515,15290.666666666668,0.20778245192307693,0.40572403923986544,0.8442545513890005,0.5212676192547592,0.17418764053092983,0.10002366,0.087634586,0.16555403,-0.22988498769023474,0.43292413626353976,1.116785328184058,0.4406795740803155,0.4550436151309486,0.4531801890512412,0.40364477539755517,naranjas
20900,11075.314261906973,23140.422449772457,33650,10681.254842011776,22164.171209346212,19792,11099.822070645998,23045.89505772006,0.22019606370192307,0.41438265167615085,0.8943602821546797,0.5844631909611472,0.13823642003455727,0.17756356,0.1351109,0.18074499,-1.9591989217744215,-0.34230256806825304,1.5501701034758308,0.4476863714283984,0.38182203296234546,0.44631658862700674,0.3849025083181548,naranjas
2010,3765.9344125993484,9550.449999999999,3855,3575.2472641762834,9110.396825396825,2859,3754.7625757163396,9437.846825396824,0.46880540312368085,0.49904701451828554,0.9707408172672176,0.6119379499975814,0.17698184380479962,0.049006525,0.11260448,0.15463488,-5.171622265225426,-0.4198799386135764,1.6117720112708682,0.4498340874811463,0.469653352727062,0.4733554550025138,0.42882582033074534,naranjas
4115,3304.828588595784,7937.952380952381,7798,3090.265846169226,7537.8694444444445,4995,3251.9129754653645,7844.805952380952,0.4223445143256464,0.4939543891086953,0.8717389177894306,0.5623470128792187,0.1384115127532451,0.06749791,0.08284525,0.13959508,-0.674957066587231,0.4608978465074277,1.4979699775786313,0.45475362721920914,0.444377993489709,0.45720113104343385,0.4358425951343119,naranjas
8644,8179.38714085597,22170.373015873018,12588,7744.3132684570555,21125.192929292934,9088,8134.371702842205,21961.194047619054,0.30239633413461536,0.4593002863209675,0.9228484859471556,0.5244559140824014,0.20763825513762824,0.07196542,0.117820695,0.1720274,-2.4812948757744246,0.24603884490416766,0.8950040893818502,0.4497480224891277,0.45220689244958023,0.47487434526186184,0.40212016072177065,naranjas
1782,3849.7399912201863,9448.5,2843,3705.7553885813886,9121.216666666667,1909,3867.4009360292603,9424.35,0.4597586425914164,0.49840061419638504,0.9719220183977701,0.6107736049088863,0.1738126599629461,0.04694969,0.11217674,0.15063886,-5.075406687806816,-0.42977801137014343,1.6345727789882885,0.447040369088812,0.4692106728207785,0.4808653082147891,0.40416523406638666,naranjas
2414,2776.0244955691583,7684.566666666667,4446,2543.4460874962538,7178.216666666667,3224,2708.6801213875365,7501.483333333332,0.4364801864801865,0.495957853189813,0.8380379123838934,0.5612541885741442,0.19391975086343657,0.08512132,0.090287484,0.18387087,-0.8432555997475282,0.14114306600754745,0.9259121785969787,0.46230326948593203,0.4693020183938445,0.4867287373788922,0.40634942754573994,naranjas
28218,15043.072126397587,31905.761544011544,52356,14563.070761347004,30345.44013764014,31210,14923.450338309838,31531.05422077922,0.31460336538461536,0.46436207581498246,0.866655945317196,0.5727989963312515,0.1487197862501269,0.18320687,0.13020381,0.15637985,-2.2658269291661544,0.7975239407862668,1.389456816942155,0.46104749305537995,0.3887108055900633,0.4612811805713547,0.40480617152290055,naranjas
2315,1325.2437511642906,3536.1309523809523,3458,1236.043688548265,3314.3047619047607,2069,1324.9815093049413,3529.799999999999,0.5107834507042254,0.49993871755537805,0.8994247202475866,0.5550905881010377,0.12568486483946636,0.08630262,0.102112316,0.15922049,-1.4562636028866363,-0.24637007455735901,1.9564808670994953,0.48418300653594765,0.40647890859854163,0.47557566616390146,0.43540462891885956,naranjas
6219,11613.069792264232,27118.316666666662,9977,11100.779387052064,26250.659920634927,8008,11670.174720200208,27123.559523809523,0.4419806763285024,0.4966283475213184,0.9804159332086865,0.7224700906302904,0.058360569986943035,0.040964052,0.10017304,0.12968932,-4.145270646978386,-0.7286768841330615,3.303072395063884,0.4152588797468971,0.44604258382830275,0.4517828657262209,0.4494681818974549,naranjas
22004,17890.291445362203,30121.39523809524,37063,17582.77708440848,29108.842568542572,25293,17908.97277902895,30213.64642857143,0.4136954261954262,0.4925015979853932,0.8619836633282283,0.5571267890718243,0.17177919112848195,0.18652794,0.16947407,0.15129341,-2.0953428203013145,0.030951319993114762,1.1332011011145149,0.45318291497533875,0.38799083021772385,0.44663879154793845,0.3948137176625563,naranjas
9002,9129.509515850235,21624.66904761905,15888,8601.777839493416,20604.844444444447,10824,9119.37437547116,21637.850396825397,0.27578500600961536,0.4469131766181761,0.9291999479969151,0.5445695544132995,0.1710908243411296,0.042763263,0.11646379,0.1450698,-1.9669759472136505,0.9739873709131979,1.2830018435648889,0.4394601980650896,0.43483687721197417,0.4317437432120312,0.4400935184530084,naranjas
16251,4862.548611582202,13989.380158730162,23297,4611.922592585439,13360.77460317461,15024,4925.402521621963,14151.107539682536,0.18400691105769232,0.38749346779942107,0.9020317494393723,0.504328872668193,0.20018665617095693,0.07938076,0.16456705,0.13763914,-1.7651127601066618,-0.02990454560452905,1.0386457299686989,0.4334119136733515,0.4469967081912152,0.4383695510492896,0.3991556663982532,naranjas
4058,2950.128471778814,6461.916666666666,9094,2725.988628002692,5962.49512987013,7772,2791.1125022112597,6122.675865800866,0.40399197145405885,0.4907232524741252,0.9200067861439545,0.5093710478423203,0.223910875309748,0.11459699,0.090426415,0.1565633,-2.7775025360992824,0.6899106925258502,0.9452372551138298,0.48132792962480914,0.35698616848630416,0.45062696422335796,0.40613023240817464,naranjas
3236,1510.4098781456642,3805.6964285714284,3864,1398.0550775988763,3566.9261904761906,2504,1519.488729803548,3810.0666666666652,0.3810478481689388,0.48567675686631995,0.9211652531570662,0.4563024400745678,0.2276390706528216,0.06451481,0.104618154,0.16706327,-1.605320199102772,0.9704764685751686,1.2325998004306151,0.47902200571281933,0.3972834233614298,0.4661705460271786,0.41910804885814124,naranjas
10876,9226.781074676042,20509.843650793653,11242,8934.87537685893,19938.025396825396,11362,9122.770083697165,20265.7380952381,0.21580153245192307,0.41138109980122506,0.7182465633972254,0.5684857498994007,0.0880575524390681,0.1917002,0.0889594,0.17298885,-0.5023427571243133,0.9233775534578796,2.3223213835855168,0.43307650354504434,0.39224832670818277,0.4500250530079651,0.4002292714980124,naranjas
1419,919.8570541122136,2280.8265873015876,1725,849.5257500511683,2142.1809523809525,790,920.4466307179357,2300.7,0.5282738095238095,0.4992928346682858,0.9430918363374585,0.6548396724672683,0.2902350086295286,0.066378675,0.09090145,0.1667635,-1.7612110836612507,-0.5598362945429884,0.8249500333864749,0.48446821152703506,0.4171375045274107,0.47052485640720926,0.4193419396753056,naranjas
2283,1737.4587764893877,4096.494047619048,5990,1625.3504237548284,3719.388095238095,4807,1702.9486193071123,3906.9047619047624,0.4678471575023299,0.4990038798283314,0.9463192249376968,0.4879150926425808,0.1219849407652959,0.07969758,0.1319393,0.16026169,-2.9247275560375154,0.13978714077231394,1.8712382953122728,0.464252850135203,0.44411724101518196,0.4676618700148112,0.4178916378345718,naranjas
2142,2595.867870289241,7295.666666666668,4088,2410.1446014710405,6861.866666666667,3136,2599.274129444603,7220.033333333334,0.09585336538461539,0.29439280789761013,0.969988990621148,0.6002320331117469,0.24731942528254103,0.05025728,0.14138423,0.21677864,-4.885699891779678,-0.09985111201113045,0.5616114762260265,0.4312712164969346,0.45726354187829304,0.4439580483356133,0.42280471509313317,naranjas
6335,12087.542057837896,26975.15000000001,13051,11626.457758061997,25356.42023809524,10118,11855.782555360907,26080.770238095232,0.27890249399038464,0.4484636773177945,0.7897503277578974,0.4692045929319453,0.1696327671406405,0.12715225,0.13761199,0.17335518,-0.15827495680365933,0.16843570651882692,1.5640898691106317,0.46922470752257983,0.4199706206749245,0.48495947569789877,0.4028351028556677,naranjas
4846,2025.0920966711612,6662.42702020202,7131,1756.3279875922947,5985.154365079365,4407,1873.0250932649035,6287.226190476189,0.5066167290886392,0.49998742815488223,0.7769367535543987,0.429397943092645,0.19852548517003835,0.1246754,0.12491823,0.17621659,-0.046465987264817425,0.4701895506962998,1.3060369534241971,0.48461348448129676,0.4164260974709737,0.49674804889609925,0.3638148651117629,naranjas
4938,14640.801446642188,27425.16666666667,10830,14270.749454741332,26215.58571428571,8336,14530.69936376085,26822.01666666666,0.2780949519230769,0.4480646381455327,0.8515795479276624,0.4518689307540098,0.18570731162177395,0.11745868,0.12207433,0.1869141,-0.5458932047861588,0.23974996581647842,1.5505279995378523,0.47680112961714965,0.4513860925312761,0.4734122781682231,0.42112018867907997,naranjas
2146,2793.3782414846723,7485.983333333332,4626,2579.317157698913,7001.759523809522,3521,2725.4867455190456,7321.449999999999,0.4933114933114933,0.49997801141661113,0.9047281491878701,0.4942331266544936,0.14895861092851206,0.079578474,0.10968247,0.19008602,-1.7634324632454719,0.7100165870845603,1.339303349541779,0.47822741389700085,0.40894900070357354,0.4852287581699346,0.41384661664589306,naranjas
4839,3620.3416965805864,10060.332142857143,7626,3373.69945312264,9517.026190476192,4471,3642.3331808059515,10079.377813852814,0.507731520815633,0.4999614592679283,0.9224324835662159,0.575767749103338,0.2071628405005986,0.048121072,0.14086726,0.1354947,-2.0376326229349844,0.6210484770784124,1.5244339743445887,0.48828516056663385,0.4037733864376779,0.4931469727511508,0.40987145446225703,naranjas
2287,1913.5237129442635,5295.25,3699,1779.3577493016967,4992.962301587301,2576,1869.3373157351778,5230.8190476190475,0.5106553436949207,0.4999265041567383,0.9463835163843666,0.5169509548866604,0.12808940266120467,0.079760686,0.13878205,0.14734499,-3.0202827655821065,-0.46437051299118676,1.6870309443955915,0.4850712674986688,0.41213958046793525,0.47442707040622156,0.4075056850720951,naranjas
11552,7238.398510720448,13612.479761904764,21643,6903.630059613565,12713.533333333333,18151,7096.578330435027,13109.75793650794,0.13495342548076922,0.341677027138952,0.8581106553114366,0.6013775467490754,0.2564220823534468,0.17253807,0.102211386,0.17160326,-1.0282080448981494,0.0909313131149128,0.5687631148570998,0.3910941070195016,0.40598338508775594,0.3849301238110421,0.37463686336756336,naranjas
18128,12596.040250808983,23689.916136641135,45528,12190.882740802654,22617.07625985126,30482,12531.170775310662,23284.756118881123,0.24701397235576922,0.4312789850376291,0.9590205057408155,0.5799917505641448,0.12658591198354038,0.0780097,0.055493776,0.097385444,-3.4033893032115174,0.18666009266870323,3.4359353478979853,0.4367314146986403,0.4233105058010793,0.4340242162350716,0.4040982970775042,naranjas
9484,7058.471222580708,24550.397619047617,15108,6673.269438588554,23481.281385281378,12559,6943.299215790718,24199.990476190473,0.49173076923076925,0.49993962706318984,0.7903622120082938,0.5213407676833459,0.10503621099813766,0.15189393,0.15469676,0.16477413,-0.41458018659181867,0.005939097124558057,2.248703869335124,0.49557109027185753,0.34943938828473337,0.49367964383821167,0.3629150828021022,naranjas
2458,630.9009430964579,1836.720634920635,4965,567.6592287631727,1728.1690476190472,3773,633.8990455900687,1851.6484126984124,0.34958579881656804,0.4768955834619888,0.8177245118421578,0.4758604758604771,0.12010381422146198,0.14689963,0.16201927,0.16162236,-0.4905914473510322,0.20695521431228633,1.7678643083980219,0.43328672918442734,0.38345726741997294,0.43095879511224783,0.4134746291606254,naranjas
3974,900.4987506931923,2403.292857142856,7038,813.4709583015241,2228.8182539682543,3960,920.8745842947344,2492.673015873016,0.33431440443213295,0.47179107655891156,0.8849267630680031,0.43923627684964395,0.10731994945949841,0.118851736,0.11536624,0.13611785,-1.3395340293035227,0.3810889155997223,2.4200296422604257,0.42854475123382685,0.4110353162145484,0.42641056422569024,0.4453236066447248,naranjas
2538,1578.9221006750142,3838.816666666667,4688,1441.3181466976678,3599.9083333333333,2830,1549.5463852366602,3787.147619047619,0.35375,0.47817011987490365,0.8475582222876757,0.4466674028810563,0.15836707649267476,0.042889733,0.100681394,0.12971304,0.007834139262304498,0.780307238381201,1.5863566815194696,0.419436311477834,0.45223191826907566,0.41103244314316983,0.4403892723445679,naranjas
3160,1390.932780546925,3533.2976190476184,5164,1250.4055342167997,3244.9380952380957,3422,1348.671939353674,3430.652380952381,0.35984375,0.47999190031811495,0.8242841430576243,0.4238694833188032,0.17494342675819627,0.05085794,0.10206768,0.1305188,0.13906598418022165,0.7655180681511794,1.3628250202801226,0.4305246926520668,0.4378270515199415,0.42201755652764,0.4306784004803147,naranjas
2069,1362.7061311963046,3498.8095238095248,2979,1273.0526304909786,3297.866666666666,1912,1384.6523029266227,3523.0333333333338,0.48466026726896294,0.4998116760895306,0.9268379897049236,0.614969808898843,0.12802860623207252,0.07313429,0.0952564,0.1640324,-1.9955044680045402,-0.15319334335369372,1.8686741960430944,0.47562787904343884,0.42614522049636566,0.4697397760016355,0.4436386001080114,naranjas
976,879.5743288659578,2111.285714285714,1498,810.6873626744159,1962.6333333333334,904,866.1270114711814,2080.9833333333336,0.5119047619047619,0.4999512620902087,0.9471915493343285,0.609972223362479,0.27640627779374227,0.061257273,0.091347285,0.17293788,-2.6199972963029383,-0.019971867715096996,0.7387482793627727,0.4662821991541714,0.4248781607526202,0.47831176043402107,0.38307970897723587,naranjas
8675,3761.7623529404405,7519.648088023091,24444,3616.6864669196857,7091.181784881786,15829,3744.472192445819,7334.294805194807,0.4558124459809853,0.49807053870327506,0.930554983030373,0.42625829589019454,0.11212241962891094,0.1070406,0.114266805,0.15928704,-2.643964765715548,0.8199374347997335,2.0114544374486427,0.4475056446821153,0.4040768558178707,0.46518835412953063,0.38425768656403614,naranjas
4742,2227.8431273319043,7659.950541125542,7819,1938.794986583161,6970.806096681097,4308,2030.8510531301895,7271.928571428572,0.4955966930265996,0.5000030770066428,0.8115745213487323,0.49965669565006965,0.17480875213425875,0.13260508,0.14376023,0.1698382,-0.4481872130430785,-0.05196582029730234,1.5173261373604918,0.49368670545141125,0.36842608762949736,0.489051689051689,0.37816577340847374,naranjas
15530,5735.808225524978,13860.044769119773,24680,5533.018615547936,13171.229656454654,13466,5806.768464473162,13827.926923076924,0.19110576923076922,0.3931758605937176,0.8747032873499411,0.49581374106019277,0.132074030247351,0.12320056,0.11011804,0.14379513,-2.079291506444801,0.42984252976912934,1.7603518166276713,0.43774051971835426,0.41046153662035334,0.4773275236020334,0.385541634728422,naranjas
10952,10187.539889492458,24476.69603174603,22280,9821.086192473824,23541.837584637586,18078,10185.676609828137,24345.11879509379,0.28648963341346156,0.4521251622330011,0.938836261477708,0.5353616990849636,0.13312113223125963,0.093474776,0.108901255,0.15688725,-4.3171738778482185,0.3895107260324079,1.5895582444264014,0.4552125539256963,0.40921844169800237,0.4424959725259044,0.40702471563423104,naranjas
7904,6778.738673234129,10859.237301587302,16647,6615.350406441068,10395.76707181707,16681,6717.689930325751,10606.452777777778,0.28861454046639234,0.45313072479183275,0.9116008667618348,0.5680930653183762,0.15566243268796184,0.107898496,0.117671475,0.16152915,-2.243921997632421,0.17761604636581987,1.76863793974408,0.36760511169641985,0.423929676965901,0.39754517174476195,0.39065986319585555,naranjas
12215,9661.055687656499,14526.216341991345,18311,9479.566445782211,14033.860567210566,19770,9600.888083922237,14201.546176046177,0.3226215049727904,0.46749023757569436,0.876608378700231,0.4752751909567757,0.13822827460339646,0.10735122,0.16196637,0.1786219,-1.448806455945643,0.3025875884948987,1.6699331474436026,0.4014210229355342,0.43355837856065255,0.4143680475760983,0.4004380850006162,naranjas
18526,16306.222370616684,30094.85638528139,25687,15981.74833990324,29205.622655122657,16703,16338.46149427785,30030.188924963928,0.24971829927884615,0.4328540042122246,0.8995297612420821,0.5510425081953488,0.11119153881413722,0.16844545,0.11792923,0.15921631,-2.441428676684298,0.5747420504244077,1.9899362363979982,0.3949144066752464,0.3914236837977797,0.4389126423032592,0.3976107647839434,naranjas
2551,4809.223845902788,9680.821825396826,3870,4671.954623067309,9391.347655122656,2190,4811.245368924765,9685.584523809523,0.4952646038172354,0.49998661237544656,0.9408493774584185,0.5659450507201169,0.12346079910093706,0.069419496,0.08275667,0.2009052,-1.5296234582773467,1.0010136486648369,1.7226733118050759,0.40568277299818334,0.471272675941329,0.48672379790245146,0.3888141366644581,naranjas
2379,16568.65667457685,25858.449999999997,4384,16189.679274154878,25127.3369047619,3026,16377.939614005176,25477.866666666665,0.4456064008983717,0.4970412518240603,0.9529924310149949,0.5777781750998008,0.11667322248048055,0.06417594,0.08625999,0.1902761,-2.1919995898950484,0.511698031447157,1.8869398154324548,0.39984547848990337,0.4787981717531785,0.4509655643351868,0.4375908320515409,naranjas
3404,36508.66313630232,42623.88333333333,5127,36249.17023877926,42179.0,2715,36590.48256035987,42947.316666666666,0.3159930889423077,0.46491452537663724,0.9619613257799031,0.4039303674524791,0.08728502101565526,0.043774385,0.094679244,0.14429313,-1.6268041211421451,2.42278881242186,2.5524864587929206,0.4028195774433804,0.4767339374483938,0.3405988752089983,0.4602774694982854,naranjas
2692,2289.168626379455,5630.299999999999,4891,2140.2186804156254,5193.795238095239,3291,2221.0231876322227,5403.516666666666,0.4953758073987082,0.4999877912309972,0.9267157405598185,0.40265259592207664,0.10964844852669783,0.09267159,0.115576975,0.17448096,-2.339809810323627,1.4166026371241935,2.074863376667506,0.46862175339209994,0.4620481137158742,0.47763371018810175,0.42616192135276054,naranjas
2453,2493.895547131034,5678.4,4282,2366.417968153555,5210.333333333333,2789,2444.9871165304735,5459.799999999999,0.4816706730769231,0.49967330680351857,0.9224770467929231,0.39396948014942035,0.12886553114248814,0.09335225,0.122298166,0.18723081,-2.2307783964821333,1.3804012528868808,1.7321315732303009,0.46481902017760185,0.468022224677549,0.4774774334806568,0.41710035941926826,naranjas
1747,1606.450123719999,4804.816666666667,2919,1455.0958731300148,4493.283333333334,1825,1558.326024938299,4723.283333333333,0.5046296296296297,0.5000230857768647,0.8736688083897071,0.46075569587532644,0.11449078689856419,0.08388675,0.1326666,0.17966715,-0.5652041056760561,0.6303708161812446,1.879148361508279,0.47652761488718404,0.4142689429843282,0.4849747325306563,0.396829902863978,naranjas
18074,7580.961350646763,19046.840667665674,29968,7257.05877060397,18119.012534687543,18152,7577.557654020192,18974.100036075033,0.2110314002403846,0.4080444525246515,0.704395899730599,0.4248574262858673,0.16481873122408405,0.14497218,0.146141,0.1985989,-0.2171597272084787,0.6453854084709242,1.238089887106535,0.43021050165048036,0.3948926047421942,0.4442751877407187,0.3745376234007647,naranjas
16244,10944.466866869305,24087.683730158737,37600,10495.469022392472,22628.09009046509,34450,10771.096137348324,23534.712987012994,0.22618689903846154,0.418365477552219,0.7385839013395976,0.41450254064582376,0.12972630656425022,0.13480625,0.13296488,0.16009012,-0.27650780237016503,0.8428800018451006,1.6559258089927034,0.43439766549894815,0.3689531050180038,0.409656072955498,0.38905164939695347,naranjas
13585,10516.334009530126,16462.450505050507,31483,10218.63464460884,15735.514235764233,15610,10469.798565397521,16411.65003607504,0.13153545673076922,0.3379882035093131,0.8469479851160078,0.5779490201942743,0.14537660136582892,0.1953742,0.1406968,0.17771666,-1.1076375176832198,-0.4330730835887306,1.2590337117651675,0.34942044937183486,0.38309405535092966,0.3879416429732424,0.3786884623079356,naranjas
34758,5995.787938211291,9932.411835386834,57702,5834.511976163902,9496.741007603508,28108,6109.8471339306025,10184.122102897105,0.16064453125,0.3672062065633253,0.8679266326053978,0.5828648651364309,0.17665144459013055,0.1684164,0.15467125,0.20276089,-1.082218320916563,0.11775080323845322,1.037521145528923,0.34984648321571193,0.386496204610422,0.3982539468876795,0.3747976841217454,naranjas
23988,4759.254353362509,10189.573243423241,39412,4575.996722026798,9686.569100344102,15088,4857.430184778778,10577.677164502165,0.25020545693622614,0.43314015679335227,0.8755139774785492,0.6561184345223791,0.18864162532482412,0.17497222,0.16796596,0.21248475,-1.272703383462209,-0.30585123627829514,0.8493821328982067,0.36382661387932314,0.39346439645102804,0.41702792679530326,0.3684758797588342,naranjas
27895,6281.770769456651,10851.079062604062,51737,6115.544293029035,10341.891376678876,23364,6390.431597317977,10995.279603729603,0.3308738425925926,0.47053907415059143,0.8569264694421208,0.5808606912486826,0.14111228779563934,0.20220298,0.16911682,0.19847843,-1.1308392843658146,-0.26149397812669717,1.3260903413387917,0.4240999023815967,0.4217718244958553,0.463888296727692,0.39248357256934485,naranjas
6217,9786.890466333012,24620.5,9491,9076.03217270631,23400.59285714286,7020,9625.60481216635,24298.399999999998,0.28553185096153844,0.4516716111445042,0.9574441367379832,0.7013064909004696,0.19262215831164542,0.046060115,0.09026153,0.13475753,-4.243266142690967,-0.34546051249694415,1.2698496978705727,0.4596264494662546,0.4289037523989424,0.45592037250630096,0.4441498143931921,naranjas
2517,1268.8932185176182,3898.1166666666672,3532,1180.3177538273328,3670.319047619048,2329,1278.048121159763,3888.7000000000007,0.5116230801162308,0.49991676855799305,0.9082746070061585,0.4579022685912708,0.14472867086796187,0.06635655,0.171816,0.16407548,-0.8556727669708959,0.22385539767209542,1.3721455993041427,0.47001522070015217,0.4110960242520937,0.4822634076461634,0.3777370403477982,naranjas
