0.8766827867170279,0.8841299569154422,0.4748322049298038,0.06523243,0.06865527,0.11639413,-1.8560326662392101,-1.8941155572516175,-0.5639108263349742
0.7154206143763456,0.639934881388112,0.2174294300421197,0.13397509,0.14919226,0.18130401,0.267124580410237,0.25263733721759396,0.9175422312636081
0.8554976856833418,0.7445545406806652,0.34965808949069094,0.12325985,0.123441525,0.1630894,-1.11328966323234,-1.037653598084982,-0.15746237146500874
0.7904467987514144,0.606697305313208,0.27605643211177966,0.13490312,0.13298571,0.114452206,-0.38884353418523016,-0.5097461369740883,0.6622620697726025
0.8716613964449826,0.6921978460834173,0.06421499885429592,0.06099365,0.09210911,0.13866617,-2.114756085192956,-0.9993284631236563,2.880618149704988
0.7590240222164083,0.6112115447899983,0.18165835961890822,0.09732521,0.10287028,0.14686833,0.19865173094851638,0.44682585912416645,1.7742165789087667
0.727554095642117,0.6266911698266394,0.2799116610590297,0.13200977,0.15200767,0.15802136,0.27683353999354027,0.5851016367617125,1.565147970105537
0.8730997548069208,0.7090112196639994,0.1779024617976766,0.06760765,0.08232162,0.116085425,-1.3073229101757324,-0.16314070305731262,2.2978404108418062
0.7591509851525207,0.6105758177025438,0.17809095227528066,0.09812326,0.1029798,0.14309299,0.2003844473553729,0.40970304075095626,1.808636107386944
0.8773174079568171,0.7405469828128328,0.3380607643885766,0.058846522,0.061491143,0.094960466,-1.9711314434069154,-0.9039141586294871,0.7908861892650443
0.7595865182231412,0.6123922676416956,0.18088983050845917,0.09739548,0.10309588,0.1436803,0.19850999241412318,0.4287528741431172,1.7872437825791316
0.8746433723353869,0.7377279396354237,0.33648143810029746,0.06038387,0.062067896,0.09665508,-2.0127293856871287,-0.9788530978467083,0.7757586087959487
0.872114513548652,0.6929201395486694,0.06886700755291213,0.061712828,0.09404172,0.14608064,-2.141084073086077,-1.0675399590344543,2.750658702831982
0.9508950660203757,0.7530847029295269,0.29627603777699246,0.08018543,0.08692719,0.16330485,-2.713654233064689,-1.1466173233599841,0.4539245839890443
0.8731269300666072,0.7686031572504437,0.31124136287816484,0.09391116,0.09590832,0.13620336,-1.4045366028201236,-0.52642346680771,0.7880847276866811
0.7521849085634231,0.6047335647266507,0.17567343279602707,0.096659794,0.10372887,0.1472273,0.19538819922091247,0.46565644166027875,1.7616026648130585
0.8460963551540263,0.7437786425895748,0.15037768888957515,0.13386798,0.1193515,0.15389037,-0.791301178503805,-0.6445454420591533,1.5476110794862945
0.8167229538169706,0.680407369606066,0.2453256771745163,0.14754064,0.16073121,0.23015948,-0.4183130812003222,-0.24704102127943148,0.5134398453342053
0.8542765026676409,0.699019518236094,0.26561073565699034,0.09556518,0.08386678,0.15427174,-1.4173520788608278,-1.0844549109911092,1.0966161485695987
0.8774111479453115,0.7745835581939219,0.31823734998585657,0.09469228,0.09528216,0.13490275,-1.3956409600056607,-0.5140588857737645,0.7850579758324323
0.8517235465615669,0.3582013024990293,0.32481695975093583,0.12008066,0.15298577,0.14502695,-0.9433787037061188,0.47453101279688653,0.19978035818780665
0.7561207450225376,0.17261883713021256,0.19653602327251107,0.09784857,0.1405445,0.13606547,0.1738581620482937,1.8721395318146428,1.9235834799311917
0.7629736417917342,0.6161168751560464,0.1898683981504644,0.09649043,0.10188929,0.14576694,0.07091008567799793,0.3521040417543037,1.7957419124431147
0.9269121495850615,0.8321917584545462,0.30327730425979993,0.08728105,0.07983164,0.14645597,-2.2895812533831816,-1.352553527616976,0.3805625316239392
0.8379112582233669,0.6535937670632739,0.2152291221847255,0.060112502,0.085795045,0.1263379,-1.519033009076169,-0.20723993946399333,2.410493776816118
0.9190029528429551,0.8008387039674837,0.25022246896294126,0.09117133,0.0985094,0.14632681,-2.3409330576719865,-1.1535703541246811,1.2410352283819794
0.8729225747034907,0.7741678596722019,0.46506727943076054,0.1281808,0.15581559,0.16402401,-1.0666309834007552,-0.7725020836441978,-0.6062080589834546
0.7590485172377603,0.48707953473750265,0.22520110213214573,0.13601057,0.158044,0.17948274,-0.1257077631025036,-0.010906748419888678,0.7446406636467356
0.7707399726872662,0.6015772259032538,0.3354391111560722,0.16039194,0.17978851,0.1728427,-0.14664869564464658,-0.2007773561831933,0.19231001291473276
0.8816513795061011,0.7414152066055197,0.47244173486389135,0.111007825,0.12218022,0.13307682,-1.2879051328957611,-0.8027936595482648,-0.3876837586805994
0.9332622474972005,0.7533037142349439,0.19765179787927326,0.07103682,0.08010706,0.13239616,-2.062956991713039,-2.019301710077795,1.8132418634929142
0.7268437225636509,0.7981684713686538,0.2602380255584825,0.07187012,0.0687979,0.09780581,-0.3805038025922396,-1.5834409491119936,1.8950992242198355
0.7566858588270624,0.8395482324639273,0.3982895097596999,0.097476736,0.08707735,0.13658719,-0.46081340816934635,-1.0617193843852797,-0.08240716035148264
0.882575906616836,0.7026165650206574,0.33487910214252886,0.10043573,0.1239025,0.14991774,-1.017419086130705,-0.7330436156761414,0.12632795534596167
0.915676119215059,0.8489895481707327,0.3852987890826641,0.07826106,0.079457015,0.12914626,-2.739402475482651,-2.200147113534125,0.16676690127625413
0.8304738209483936,0.752730739828726,0.30227277215015935,0.07789281,0.09038772,0.14501357,-1.3660812880555266,-1.000380295107589,1.0380405891402735
0.8606297731770954,0.7077998004874372,0.34934463359987994,0.08734581,0.1302016,0.16598162,-1.1294728901288564,-0.42164172356119417,0.48359485203230607
0.8200691099393079,0.7577092017121178,0.14046695255598593,0.07109686,0.05147195,0.13698156,-1.1493164449316813,-0.6804007925935942,1.5995054867294032
0.9281442696646353,0.7769759488536395,0.07964230292610415,0.083408885,0.096753225,0.15039723,-2.8253572539143224,-0.7846435368674909,2.615443085943876
0.9208841022833022,0.8084120537275976,0.3232373476931432,0.06501964,0.05498071,0.09120411,-2.2768726989711516,-2.0413662115877464,2.131650109727775
0.8773922924763435,0.742448431793528,0.16547607356798114,0.085936934,0.080023766,0.15891835,-1.318659256655427,-0.27058311077713604,1.521653897662196
0.8791719427497543,0.7211726334368934,0.09741376002455619,0.06626687,0.06635224,0.16020477,-2.1477932152260486,0.3688685665894514,2.1472464040636567
0.8703325683457072,0.8058773201272896,0.29237226718202375,0.16077347,0.19518152,0.17930496,-0.8805741916238425,-0.6558784379504278,0.4938363475549818
0.911567699927518,0.7819140371380202,0.3308151693348078,0.08439968,0.082533255,0.12147656,-1.6842429230959561,-0.21923654595604536,0.5092447560724604
0.9232388288048259,0.7807448518419529,0.20462892816316405,0.06285319,0.074345544,0.1922698,-1.6696997884556208,-0.30540066298578533,0.6604784446621325
0.82731582946132,0.6927263230180045,0.13965109143506896,0.11967686,0.09521858,0.16745967,-1.2907685957753345,-1.3037278835201427,1.3545538058026931
0.910913673710261,0.7356672291012882,0.10338157178184405,0.07195986,0.088101864,0.14570954,-1.191140973188381,-0.04422169519105164,1.4378142080843177
0.9429265536418681,0.8545616867560438,0.41864943447357644,0.08449365,0.10989972,0.17947564,-1.436764582132116,-0.6815754878492096,-0.6506343042665583
0.8822709856516838,0.777506652850564,0.3153177321690366,0.09288801,0.083017595,0.14772256,-1.8658865389683765,-0.4025746376558292,0.43010408721299714
0.8553628163924961,0.7093841974604357,0.15878093545827102,0.14397418,0.123877905,0.1812631,-0.9254160272179998,-0.6132530793998217,1.04653028794328
0.8373314343830056,0.6965398222014734,0.17390244396913537,0.15780136,0.12648293,0.1876302,-0.724415405364414,-0.741311313979537,1.0296652729704092
0.8758771837283987,0.6990901130896771,0.11700073142599167,0.12607586,0.10396743,0.15784703,-1.4662589381878837,-1.2594070366215653,1.5818468217330537
0.8424392671387568,0.6709115028955516,0.16892992966848872,0.12691197,0.10136296,0.1324972,-0.9149339180530652,-0.8162963296249028,0.8855489106344637
0.7091411661458362,0.5976599343469948,0.13546508273434016,0.06683321,0.07191396,0.13068058,-1.0009289089083142,-0.2753195640381076,0.9734836293149021
0.8663560376675326,0.695853543816356,0.17055246886361256,0.058642473,0.09329195,0.108167514,-1.8733059105852155,-1.1655388520275398,3.1090575202753943
0.7781776666304562,0.670495511821647,0.28387517668799334,0.10887817,0.1329807,0.12236075,0.3913604101109864,0.46719968622911523,0.8353839274897219
0.9526668444743787,0.74858742608742,0.2824672461748492,0.056131,0.07772243,0.13516025,-3.3955965913474224,-0.8875345475711608,1.2472966531670326
0.76511792286428,0.1746864476899496,0.19931805499430041,0.09935591,0.13821104,0.13420878,0.2210943907960396,1.917946215982624,1.9514294466195867
0.7949428539402925,0.26695809804304277,0.20847315468663208,0.09398207,0.13271484,0.14369833,-0.35974475007374246,1.1682217735723357,1.3141691084985503
0.8751050420168031,0.7422650248219088,0.19957497850625736,0.12421942,0.092433035,0.1623685,-2.6679644330106416,0.2578698158611975,2.7760344369467367
0.9491303313478906,0.8015358995396562,0.35093837058580535,0.0592577,0.06687185,0.14198689,-2.6507386948927305,-0.9470275462719837,0.8536796813858668
0.7422647480445297,0.5550373754359179,0.2557789318611078,0.12672147,0.13430649,0.11379302,0.023119168708051006,0.3185956721811118,0.7434315659610821
0.9435406313547204,0.8171563167096566,0.2008945783859297,0.08264223,0.09929484,0.11617267,-2.442803344318966,-1.9970358173465492,0.9413016654952134
0.8140422049038404,0.6114871356891579,0.16304799703589812,0.14147963,0.15693155,0.15926516,-0.49274524535453806,-0.29345193641796635,1.5288585600026778
0.8460615179039006,0.6589426810121038,0.21362670207558937,0.057349738,0.08537386,0.122852035,-1.3731313449482798,-0.2012110998248624,2.6148606674496646
0.9807849699764387,0.7888306075478516,0.2610929079576264,0.047343675,0.07517661,0.16600879,-4.610237179601077,-1.5936180950855665,0.5807383640502372
0.9429938451542239,0.7798724206459368,0.43150021348333173,0.06293078,0.07535996,0.1394185,-3.69735226211006,-2.1605299665036046,-0.4198051669454114
0.8145647318140865,0.6484832947305437,0.1329691119008452,0.10516448,0.11501638,0.19870225,-0.3694531633956051,0.53853846233432,1.4173941953410407
0.9371312239506743,0.7505963046909575,0.2906689028916503,0.053535476,0.062705316,0.10834395,-2.876808962459763,-1.46263496062869,0.400162987570895
0.915828711700913,0.7895934595452443,0.04945577803109889,0.11070117,0.07523832,0.1028975,-3.7546331364391023,-1.2449620080923613,3.9385882896440627
0.8276409113013674,0.6832689525663093,0.33352754609878715,0.06570133,0.0814461,0.12522152,-1.3514934638572789,-0.8985572234031604,0.9144845506654911
0.9802389161703858,0.8625639954027594,0.31369936962351863,0.029774547,0.04767105,0.1260833,-3.8319993304306426,-0.39004086152087386,1.053360634788075
0.8250539665408393,0.7195887299874367,0.18549593002338072,0.11240073,0.094679765,0.19507062,-0.6449310197047605,-0.48392856756016384,1.194429271182367
0.8792002211245044,0.7141290763474406,0.17499970324546993,0.065369956,0.08139577,0.10954858,-1.2517660837889786,-0.2187630215647425,2.4265857426650776
0.9529282521279758,0.7484153948306742,0.2828405119978077,0.056700904,0.07809958,0.13418381,-3.463329326799487,-0.9554530219177454,1.255834073959549
0.9400950006821285,0.7510337215214975,0.31715841301732633,0.08118278,0.08407692,0.15611157,-2.4028651861095454,-1.0682400066708577,0.497860511783715
0.9598071294966753,0.7566860622931294,0.293624119670508,0.08162277,0.09144031,0.16697611,-3.0069085252484817,-1.3499116690403865,0.42341791916404325
0.9372543752220766,0.7504836776887008,0.29157191956700573,0.053100556,0.062303454,0.10804353,-2.8047852188279605,-1.4321528594661619,0.4040644259741809
0.8997447482167169,0.7559751448206018,0.42068547406863577,0.09258071,0.105963625,0.1304361,-1.6529067249691058,-1.2968926178412654,0.2812395616916214
0.7975831455084788,0.6858337477822096,0.19209436032011679,0.092845514,0.08461403,0.15394935,-0.6467080623884345,-0.4244725088839375,0.8896508740429379
0.9294961562295883,0.7680050634913534,0.2558525961381456,0.04541285,0.07696425,0.12251889,-2.383656411456047,-0.7934531125761763,1.2799004335039819
0.9537041402160281,0.8519797951881687,0.3098257773008544,0.050757095,0.0594457,0.12003884,-4.068662502193295,-2.511688811555973,0.6655177313094547
0.9359784222393642,0.7778857287992746,0.16958287751908696,0.08052527,0.069447346,0.13706128,-2.294767605539419,-1.9894497813795076,1.7512166304516605
0.9583499384350876,0.7566561825915128,0.298030851109721,0.08082982,0.08888342,0.16462827,-2.9068077402739507,-1.3182962312688065,0.4214831448593437
0.9460008746329013,0.832513498799667,0.28617526573667557,0.07308598,0.06293101,0.13549538,-1.7097646327948985,-1.3801979747526774,1.0390933892933114
0.8177522563045486,0.6517789256798779,0.1620962593226607,0.1051007,0.11386223,0.15281044,-0.5024838444304198,0.05069843487795529,1.8728899396197083
0.9550728869659105,0.7948673787659516,0.29113669940734044,0.07052818,0.093951076,0.15891801,-2.6488613636668257,-1.1745269775825786,0.3830979960826883
0.9428827238655606,0.792977411216856,0.3204687945550637,0.06154576,0.083010584,0.1401024,-2.5661621018812797,-1.2015262222591718,0.5835193564953888
0.8941603886387429,0.7096919684215598,0.2697126631384263,0.0736301,0.07693847,0.13000122,-1.2888601389862089,-0.8047377523931889,0.6270476592241143
0.7714548257546442,0.5717943395304129,0.09031177144079063,0.11258747,0.13201073,0.12448376,-0.37443140994111807,0.11349602041886714,2.529372738835905
0.914330222001293,0.6896366559214391,0.04878506560729261,0.0751245,0.061233316,0.11028586,-2.3774016180440283,-0.2012274006804524,3.5931215801576837
0.9184121794406687,0.7691824145005554,0.14297415067705654,0.108542666,0.106084906,0.17697945,-1.9654592776777422,-2.1196616193505733,1.2897661991897165
0.9573500209721095,0.8052685791347297,0.12951450279541396,0.07588204,0.09180502,0.17258106,-3.9636241910292602,-1.8089372129967785,1.5677724591257969
0.878097477654297,0.698618208619887,0.06465896859936492,0.061772946,0.09581412,0.13809584,-2.271628634668627,-1.2507437660824723,2.9143837747533134
0.9418815089447546,0.7870892676825278,0.35417099968349697,0.06995226,0.085904196,0.15142539,-1.5482636395298537,-0.5921840236860144,0.056660080604216005
0.8739505962036593,0.7713509206294934,0.2576197387518162,0.10513621,0.109448455,0.11382051,-0.9763651103916514,-0.5337364936713559,1.8658302963256401
0.9014644571347553,0.7787329642995227,0.3328355463686289,0.110240914,0.0986731,0.13454008,-1.0209490916846866,-0.844204819750768,0.026921637690634857
0.9141780257033248,0.745607636194252,0.2000074560322189,0.11487633,0.12749656,0.14486569,-1.114727019009177,-0.7062526564805861,1.0723363640870696
0.9051207243458905,0.7594851461710749,0.1450942912376107,0.090235285,0.09238372,0.18829294,-2.291409942930624,-0.9879499920112982,1.2091911378474827
0.8204082728981953,0.5938317366520963,0.09325394693645526,0.12062238,0.111742415,0.16990176,-0.6148083533409191,-0.08620890070576805,2.323049735976037
0.9707921467147645,0.8226490725678354,0.2952795933188047,0.05232133,0.07765955,0.18821804,-3.6001223415001595,-0.9889657602887968,0.23503820567810163
0.960588634798606,0.8468073706249527,0.1982326229200728,0.0778132,0.07839226,0.13495275,-2.953732094282412,-2.2660008935715794,1.619088426125948
0.8928488380096214,0.7229277975312476,0.28625048027764133,0.14101653,0.12811475,0.17241797,-1.1570085748285774,-0.8352892358371357,0.2674627345723563
0.8912069401739962,0.7875037287092642,0.21035867477476283,0.07635992,0.06354577,0.18610886,-1.9149795458209793,-1.8370305156250573,0.43003896612664266
0.9459377740845925,0.7322687640350934,0.21150945906679358,0.08548055,0.10613023,0.17305428,-2.580952868483905,-1.4118991021113778,0.5294896160459187
0.9285359915776573,0.8175172720093531,0.2507063429398448,0.12028347,0.15417324,0.19890535,-1.9042821817044815,-1.20626348276624,0.45833846829663494
0.859208611510176,0.6903315608042286,0.16924601308887446,0.09748103,0.10768108,0.09380598,-0.6268580755224106,-0.0343124677746668,2.191526906519055
0.8403225543106702,0.6915661178888861,0.20340236140711243,0.06785419,0.07795534,0.16651894,-1.0474343019227976,0.3786273720095607,0.7789981819723867
0.9036074709131461,0.868836354955971,0.2762843413725075,0.08298563,0.08906999,0.15270132,-1.456256689513876,-1.4271872179004632,0.7912565382980737
0.7752377724586583,0.5484392100376252,0.12803985115832503,0.1434311,0.15287924,0.13862874,-0.20191293476417627,-0.1396868874543123,1.9577947848263217
0.8684381917559654,0.7174177236437626,0.3633602954289599,0.10998943,0.12770073,0.15025988,-1.144714299462306,-0.6799727075307774,-0.21150454114727338
0.7448402613808193,0.5588035848704849,0.2657809574666515,0.12676495,0.13646758,0.12260954,-0.0037327873135533855,0.28402606973998223,0.6892904913099278
0.9181407794225928,0.8304967416167637,0.27160329722497634,0.08096161,0.08542713,0.14937776,-1.2663852934873012,-1.365272295232344,0.12414573343418132
0.853434637492106,0.6863118706719623,0.2997518643238351,0.121880814,0.18845843,0.19143288,-0.19519967381160988,0.1630444127598967,0.24908992441978678
0.8291643114645061,0.7366234984277827,0.3488069069182231,0.15048952,0.1719351,0.16270687,-0.5358413384179435,-0.32452342564060394,-0.10960413037929867
0.83938441355934,0.7471446310484022,0.3703931056959244,0.07032839,0.07528698,0.11165021,-1.7495305252853992,-0.925041889780067,0.630912059616187
0.8668429892468685,0.739191554534604,0.2243592218639874,0.13341318,0.12152499,0.105437875,-0.8862148416211033,-0.6543874061190034,1.2309937937156707
0.9421677976999865,0.8071674549627113,0.3840738093139699,0.050129727,0.068379864,0.15174106,-2.2170824090625443,-0.7929119370584521,-0.4300095700934731
0.7233656161025154,0.5588620049028779,0.29016529803848434,0.14168972,0.14487325,0.16592523,0.3118184922841746,0.06541094870880883,0.6567529156309131
0.8145279436745717,0.7233380219982558,0.2352887372118625,0.09676853,0.10894881,0.1537483,-1.182671433462551,-0.8890248268752697,1.346853572293153
0.6632341620250612,0.7705293664810189,0.14737399809808419,0.08542695,0.07461352,0.14644684,0.495360463616152,-0.9005012895767821,1.8165630791720138
0.86729545280272,0.6886462153299273,0.36821517656982516,0.12543057,0.13619617,0.12316425,-1.075505659496373,-0.8780821428140834,0.12116573124872669
0.8712238741650461,0.7821724843783651,0.2925339366515841,0.095698446,0.0867525,0.18238446,-1.0411328658681858,-0.8428263049669293,0.525144679210061
0.8607249369121364,0.7043466526321476,0.2356679216765863,0.15404236,0.23534589,0.14407314,-0.8888796072225125,-0.5462940360937605,0.7289291520396336
0.8817375658356497,0.7526513425686019,0.36177879180989586,0.1005027,0.09156049,0.15853916,-1.3362022017638295,-0.4909489024764447,0.25101406534670473
0.8800744955515599,0.6422056493831543,0.039271050886104726,0.099197306,0.11514228,0.1060358,-1.1431228960118984,-0.20853482523768016,4.238254751624999
0.9176369201509297,0.8355168188341776,0.44183705754739955,0.107791424,0.11495088,0.15200083,-1.1495238619162362,-0.49193611515692715,-0.3093661862784798
0.928091217524507,0.8200354252840536,0.2139377320588302,0.108606555,0.08989576,0.16081978,-1.8840976908721467,-0.8377497340900124,0.6312315086715943
0.85478006922755,0.7679926130376485,0.33599691430677503,0.077805005,0.08309313,0.10800254,-1.15238917581376,-0.06854922748637654,1.0490542925556332
0.8751673484101341,0.7925730850686219,0.1851515105999767,0.12470292,0.10934459,0.119416855,-1.5262889991413766,-1.7713453703814515,0.8420213434939311
0.6088323094763681,0.6693259377617979,0.3446226096093207,0.079492316,0.09236646,0.07858255,0.3422368666994701,-0.2957290973784409,1.0215835498787362
0.8309722351893238,0.712203839016284,0.36613023958226476,0.13810267,0.15346068,0.1534527,-0.4396612413260484,-0.12012809380219604,0.26405112810363907
0.8220830627729706,0.7397760797953734,0.2983796028618457,0.09193078,0.07098944,0.17580436,-0.9781347489277806,-0.3753179363946557,0.14448839937294566
0.9029559618067476,0.7589227431635378,0.15724578203373757,0.10534863,0.1105338,0.15048686,-1.910770748564247,-1.5592207265103077,1.1952478401083155
0.8326404245909961,0.7148097948857822,0.40806094933728176,0.12597549,0.10566617,0.12736382,-0.7390413023143838,-0.026370443542014246,0.8142544487807131
0.9562420173904518,0.8427689053734477,0.2862842166569736,0.08163087,0.11378067,0.1236695,-2.914415364638257,-2.137508306628882,0.2907826750056912
0.9252827194398086,0.7860733745360508,0.19189150077477296,0.09863036,0.12566826,0.12567422,-1.9394067268677748,-1.930812079009748,1.4254703715383765
0.9039447442726993,0.7554156702697717,0.27341067555442883,0.06360931,0.07206339,0.11200124,-2.252328426022494,-1.123361080942956,1.6418092752607838
0.8207459525302935,0.6400047269719202,0.20326524675702493,0.15555403,0.15143615,0.15650752,-0.5075855219295392,-0.37798960521510194,0.9476641026447422
0.9022386261694523,0.6528576188645246,0.13267615019864193,0.09929801,0.10153771,0.15912794,-1.8084227692865686,-0.6272487326901488,1.6802306048450235
0.9650788547176319,0.8263577855301923,0.4067317224785575,0.049212247,0.054230127,0.095583454,-2.7801454168034434,-2.6125702075769004,-0.351904701900544
