0.668875015036735,0.23354168170335446,0.20838662336099828,0.093104795,0.1491339,0.1282579,-1.501048823785129,1.083510953945434,1.3170277434003304
0.6712895377130473,0.2680211968747585,0.3060911656446209,0.12701218,0.17212167,0.13893314,0.6894321565444161,0.6525253928408168,0.9801197433620512
0.871686321883523,0.5231588100080854,0.37618792420568264,0.09178759,0.15414692,0.11933558,-1.1482390473420707,0.48116033083145215,0.7575745680933359
0.5797439992312547,0.7271377758558665,0.27592775937997843,0.12740396,0.096123084,0.1417898,0.753025418433284,0.6650472037363616,0.886637712156839
0.700651123246345,0.5870981454913187,0.3092527715062865,0.119477555,0.16984825,0.13364597,-0.3744101742209381,-1.6068857951155875,1.3567836848943056
0.6319307585186474,0.7038308840668558,0.14862749015297616,0.0796857,0.07571855,0.15196705,0.6802946677033594,0.34934976285568187,1.6503248659680443
0.666701889018857,0.15341976017980719,0.18589388826150588,0.10033052,0.1425895,0.1455115,0.6012243016457276,1.732477348670869,1.53250769414776
0.5447279865156378,0.6961128251082574,0.26328822889322756,0.09899391,0.08090802,0.15977941,-0.6835025035162233,-0.11934734719277917,0.706114813804347
0.6203438368688354,0.746808828193555,0.1899479487322861,0.083670996,0.06974505,0.20041128,0.5739668020991847,-0.08237780098085355,1.0572148527714593
0.7042495097520336,0.806237743798433,0.4154230066191494,0.08046343,0.08732139,0.12505342,-0.6665029847972268,-0.13486233321884114,-0.0718720550176998
0.4875270969984936,0.6657967625942064,0.37484441831003495,0.112739675,0.08190622,0.16176619,0.12664997185495053,0.011677481903013332,0.6358429350778686
0.5975249084732549,0.7154183305736667,0.12887453997863144,0.054850563,0.0482282,0.11123959,0.9037727851185164,0.13924614389597503,1.6388957612269552
0.5102087673476138,0.7001922080307819,0.23880915363801886,0.1218302,0.113377675,0.19352666,0.47373039044722703,0.30190740859688847,0.6744831603993591
0.7443589040868877,0.8727882004135196,0.21755016845079977,0.052898843,0.05973347,0.114877835,-0.5899305465165724,-1.5848822271138334,0.9270120791741483
0.5750698320830276,0.763577368461953,0.23424880794002412,0.15802924,0.07338555,0.15386568,-0.36445444264435856,-0.7993169264533592,0.9206797833415138
0.6398520885700762,0.7906455388682914,0.2971413474128705,0.12254031,0.060414664,0.13052206,-0.9039289279262462,-1.3695759798964189,0.7203127087866061
0.6311932170312511,0.7064897960977382,0.11353560926724399,0.09755967,0.10949726,0.13077463,-0.04493499877577123,-0.07619534690825537,2.0237456913403213
0.8542598038237124,0.73185609906612,0.38833070029459876,0.10007807,0.106424235,0.13929325,-0.7727321526034328,-0.8592480953515614,0.07606928983057949
0.7967645454388415,0.7868423958814522,0.4571707546380421,0.09278479,0.095891446,0.11580719,-0.861549080022554,-0.9416869143532819,-0.10581195119442326
0.7468286666881149,0.5980757562043368,0.10533629382294457,0.1120035,0.12501344,0.07953431,-0.3193551545871421,0.4686973866802231,3.6860451626467623
0.9384387494294211,0.7382758433169732,0.10144109253492127,0.06833418,0.077613786,0.15478626,-2.47947787568518,-1.103709631840699,1.9006946921963725
0.8840876454293936,0.8291778223056289,0.36188897242629353,0.08342432,0.08406611,0.07705759,-1.3375535691558404,-0.7189915830429935,1.0348710273388713
0.780004011419218,0.5927861307360046,0.10263785192857655,0.13235031,0.16413681,0.092088744,-0.5506938645576087,-0.45241003988015815,2.555291578633414
0.9753575789470792,0.7858040496607989,0.13870206465031765,0.03449429,0.09184616,0.16778491,-6.098289468097817,-1.1696319878176817,1.5986887884423713
0.8013992557148499,0.6836211860607171,0.20247035890373186,0.103469945,0.102545805,0.12005092,0.2535590156268922,0.6884808192225014,2.0688266464428677
0.8035737858399482,0.7687856519500735,0.21747965107605596,0.10576093,0.12560885,0.1290407,-0.6146054759833931,-0.48908170467248224,0.9754251159705677
0.8285293420850538,0.7603269367448702,0.2622693256406786,0.10608921,0.09060451,0.15836795,-0.6373905997727095,-0.10571412237342848,0.829828243269056
0.6181574594851083,0.6146541962100056,0.47477927667592273,0.081153445,0.09955424,0.10825922,0.5428397794545939,0.3599969235876368,0.3908843846665719
0.8429585109452244,0.5915516819873051,0.11986583136558819,0.10985101,0.11411271,0.12501495,-0.22653568283145306,-0.5945142240221548,2.359202749973314
0.5078630949446272,0.6286057088384943,0.16607380588446022,0.09053642,0.0796658,0.20979133,0.6062664312960704,0.3344162221716878,1.093839345948659
0.9363169919499825,0.8010721684553578,0.2427737002073383,0.07408015,0.12960096,0.16838834,-2.7104594156177337,-0.4910632314227314,0.6045783123546091
0.816135568553179,0.7870276817312651,0.20549062694111497,0.102418855,0.09078165,0.19460551,-0.5559501961122422,-0.2417252174472587,0.6720665010689103
0.8204693024749089,0.742879518424263,0.327721574471749,0.07217713,0.07361594,0.12244321,-1.1826538733048988,-0.24315080425518779,1.2510552689357837
0.7432629491499978,0.6061331439877069,0.27735623863991515,0.15105307,0.16777518,0.16240661,0.15778983614837358,0.20300954063598198,0.8140599653259465
0.8725098372038952,0.7835621494953028,0.26785756969247193,0.088740826,0.087626815,0.20168893,-1.1169949201640132,-0.4889273427714584,0.3630560269256057
0.9442677928206057,0.7829625354054173,0.19798855823533454,0.08374835,0.08823166,0.14886096,-2.5924613861488974,-0.7144491181753937,1.4567508475543771
0.9652606208373066,0.891900929969874,0.27418471523983173,0.0597506,0.05272671,0.13074687,-4.18547568952826,-2.991166424769938,1.0136544785867598
0.7344955943669944,0.606350910388043,0.052648859247122044,0.1381807,0.1394317,0.10072104,0.03508745740641034,0.46800519920595474,2.8058005562687653
0.9500918079027485,0.7695647294408812,0.29343951452970396,0.065471,0.113276064,0.1980353,-3.1842659932635113,-0.36434015748763776,0.2591759975369488
0.8732145321685599,0.8184295033757374,0.2980908352921616,0.088975236,0.09471177,0.21878117,-1.4386963927511216,-0.7755750692413302,0.250283590550046
0.926398007338138,0.8027311088834438,0.35294322316486715,0.05893853,0.05835945,0.09223444,-3.1051202833948963,-0.9817386060711741,1.164600645764168
0.8270731158165581,0.809623995379589,0.2280305032647094,0.09808036,0.084153496,0.17028981,-0.8294566413955436,-0.8426405969615506,0.7435647501201437
0.8402536434864014,0.8265757317420064,0.08868006332967578,0.060845595,0.06755165,0.145914,-1.978117366316122,-1.6723598889295501,2.4468124350398415
0.8862154246115117,0.7899301950655273,0.11616148827159024,0.08637831,0.07240925,0.18495102,-1.6078080948039077,-1.2660699263743922,1.886415994373029
0.9023967134886988,0.8317331324112358,0.13938072941894103,0.07945595,0.07892161,0.19885372,-1.7934829947927504,-1.187782248480602,1.514479115858248
0.908329010616612,0.8492409309402569,0.13835114292630668,0.06328843,0.06528362,0.18838163,-2.044492117086775,-1.509495479622083,1.4411729420782877
0.6675356874260833,0.7337007330002034,0.37193188892365664,0.14823906,0.12473003,0.20542878,-0.32490907191848273,-0.33883449209253025,-0.10803145109600597
0.7430382406604081,0.6638006452805489,0.12746322490137388,0.10938125,0.13688447,0.12301735,-0.44858796361308917,-0.3143234154718768,0.9450108401336514
0.8149020989649558,0.7858180528494731,0.20222908519761051,0.102941304,0.09089569,0.1949343,-0.5481093593257258,-0.27591511846734224,0.6823257469614672
0.9157569436397301,0.7824976879152286,0.22231281201783287,0.08325741,0.092923835,0.20430638,-1.437904394878076,-0.4730830395793767,0.5509495770540049
0.8705505504225499,0.7476073832540574,0.28288287137426843,0.088144824,0.09191026,0.16686243,-1.125641397162829,-0.6235146869290743,0.39772029056768327
0.8453714119824242,0.7384687496220886,0.23734017974860774,0.06941444,0.06493809,0.08950738,-0.41424826912791396,-0.39202434692861154,1.9780817922442624
0.9101027477087622,0.8564809375962481,0.20781469982190287,0.07047749,0.09181859,0.17165852,-2.711104439649976,-1.0932483475110562,1.091324564038881
0.8028320360681194,0.7392735315383839,0.4576283441793052,0.11891191,0.11353626,0.18032894,-0.19496913125313253,-0.22684170196162043,-0.44412541357975155
0.555883395911636,0.7206563760257202,0.24097969684326706,0.08886571,0.08203181,0.1359966,0.40080933304281346,-0.3437543195667555,1.5023535417060638
0.7080706146367419,0.32723246066877065,0.29817546638749315,0.09459349,0.17090511,0.12975492,0.4170004036493491,0.6402683755947394,0.9841268262062114
0.9654949595793054,0.24247468778273346,0.21939585102315626,0.04632231,0.16737968,0.1578379,-4.456290935206973,1.0676983020256487,1.0459747766312475
0.6768860972066723,0.28323477157815563,0.19491956495880433,0.11257172,0.15408278,0.1444438,0.397473494328881,1.01034684427339,1.3940016254054428
0.8749091315153191,0.5220554435032567,0.3458860813522813,0.08720499,0.16171363,0.1304127,-0.6939466629266816,0.3824578504243714,0.6458804786334953
0.7423644403307692,0.40073227431484804,0.2612039946176832,0.10878007,0.14101613,0.1315952,0.047772010080748585,0.36755274564168805,0.6357644576952173
0.768271376758183,0.6246573761505877,0.5213961911260665,0.057237636,0.12993088,0.09507999,-0.738815114168522,0.03705239774721194,-0.36769740841176013
0.7742631071703938,0.5258325973384834,0.34042970015398866,0.14040413,0.13552439,0.1422838,-0.20671000646840115,0.24914316736730235,0.4981651736305845
0.5087381222702926,0.6951773093171663,0.23013123037424177,0.1684424,0.12058602,0.20348701,0.5694698564686212,0.4560352989122142,0.7257095320869105
0.5697989590991013,0.6852963248805669,0.32421943857112895,0.13374618,0.13624929,0.158576,0.5870111198167428,0.4484337331565556,0.8004558308883084
0.4956732524734953,0.7004157373069286,0.09660356551564798,0.12989302,0.095660195,0.1639618,0.4150012023305467,0.21792309328488668,2.0117976949963903
0.6180519881538982,0.662783169817684,0.29778780159153345,0.08928773,0.085624866,0.10782672,0.1601447233094169,0.047332299908435384,1.610879200591072
0.6625918369302988,0.7366990111466506,0.28892113758056487,0.114317745,0.0915267,0.16058236,0.1074989393318695,0.09217777500465216,0.46229653243533175
0.5943151851311234,0.6273556171848361,0.30840461246533357,0.08208669,0.07209784,0.1153315,0.4221077290099215,0.2952759907745967,1.2668219774246972
0.7350391669041157,0.5875331739784895,0.25509845857066854,0.08177122,0.21596816,0.14981332,-0.14443962915861724,-0.18390846239082995,0.8613409965909312
0.5212380300957922,0.6993041305670392,0.2446881174950484,0.16983373,0.122253366,0.20717464,0.5035810231957576,0.3992100683739102,0.6096393252860762
0.4775809657635893,0.6927350593319765,0.2513711132373077,0.12578076,0.112536326,0.18894492,0.48353757929287455,0.3407867586995977,0.8147135160679144
0.6340781666122683,0.6190580759707308,0.4058730084567763,0.09746754,0.08681976,0.16082099,0.4466377388519224,0.34472173773384235,0.3964483316080352
0.6426351970163199,0.7993114634712439,0.25816975073652754,0.11107576,0.11982042,0.17710686,-0.2548300803938313,-0.5046556554941519,0.5238052719921292
0.7643793118873763,0.3187166305862706,0.18050710811054008,0.11253601,0.13939558,0.118838266,-0.026211640683717237,0.8308311457191817,1.33495392885186
0.5693795719018871,0.7011134079721555,0.39451443439330725,0.10748367,0.08921717,0.11307409,0.019617092203506648,0.030998475968314437,0.46470529089480106
0.8298683249502526,0.32787442227681396,0.29126621542899117,0.09550429,0.16017695,0.13042654,-0.2635719840272965,0.8257372036544254,1.0276447153339803
0.8244405904097368,0.5232140527295194,0.3576379364295347,0.06368334,0.13234362,0.14359723,-0.8268720068757736,-0.034788079066045606,0.29359244575842247
0.7823531961880898,0.7116927926067421,0.45763594031708377,0.13441937,0.1385941,0.13189091,-0.17446502511712578,-0.1835644733330463,-0.014178111617682489
0.7450702581968994,0.6664899793864251,0.13313442123803046,0.10948296,0.13738163,0.12982014,-0.45325927299251517,-0.31289673441420085,1.0294428416779628
0.7434566789897326,0.663893537272459,0.12948536945350844,0.10886505,0.13681975,0.1257258,-0.4459301571236732,-0.3141496996374233,0.9795480044345246
0.8151727933260539,0.7855129228016315,0.2012622887214803,0.10263728,0.091330744,0.19465342,-0.5273262562532789,-0.30245411515343557,0.6695447178327955
0.8764271823423629,0.4343227826253042,0.29627085277196136,0.09166006,0.24352153,0.19717908,-0.818287029092633,0.08234455441904402,0.5053952619329705
0.8993722027209624,0.7066056446662968,0.16921012451005246,0.08049366,0.086975746,0.1904221,-1.9588315064505906,-0.09454536101800047,1.1115346495850558
0.8725349329240751,0.7315078085360385,0.14121367037431085,0.10739079,0.123830564,0.11400331,-0.35075194298241863,0.22646443070806044,2.7888260953963204
0.915786650411357,0.5624675403839814,0.4551701716955399,0.0764603,0.15272976,0.10537483,-1.870066838898999,0.33907523973850007,0.25841166134627036
0.7727455197131969,0.6649239721695249,0.23163719165081603,0.10408723,0.099018,0.14375249,0.0072481958125785355,0.0026356320617771604,0.36967412648832476
0.7667028480248095,0.5215659291801831,0.37070511947811075,0.14141208,0.16511945,0.18220156,-0.09787401475794391,0.22690155336099796,0.4573650202499064
0.5191595614011394,0.5380250499833898,0.4343921747940208,0.044949397,0.044806346,0.09654173,2.6055916304357107,1.363699619876655,0.2832829037625669
0.7666821810891092,0.6135615146850468,0.30939386344917363,0.14107662,0.1529027,0.15718032,-0.29198501987574166,-0.08132317817412767,0.30352357571942845
0.6375635050594873,0.5064356458738195,0.2328546836293137,0.06782382,0.109320946,0.19104034,0.3909704958474802,0.3234682137073499,0.9144445373865195
0.7126696989973225,0.6369588302816468,0.33338121223656914,0.08788421,0.09014304,0.110844195,-0.10713317498606996,-0.12359580920108687,0.7384351048358333
0.592377968461892,0.48437347107750806,0.20763802641979368,0.07362338,0.09034203,0.13845904,1.3181687974261838,1.2025863867773343,2.1557669282706784
0.5941249470749304,0.6128225824954433,0.5579819418460011,0.0520099,0.08042543,0.13851358,0.22632504668506115,-0.46124286619799243,-1.3202402092242091
0.7463504773637688,0.6156952571604389,0.37230199671491043,0.1092509,0.11553867,0.11304811,-0.2625655584590926,-0.20771215609619517,0.4973094966989866
0.6360811737281996,0.35620046620046675,0.4263307280954363,0.08758925,0.13127303,0.18906811,0.5531565515240363,0.7709152041819695,0.7992515268724739
0.522451029633347,0.5420982657251667,0.4407579204459284,0.049491227,0.046067804,0.09762562,2.436265068060903,1.8278837138410344,0.3234678983480033
0.7490776284609457,0.5819997382235689,0.2961684903112323,0.05927534,0.07473584,0.109266,0.4807691028098863,0.759703313440332,1.3514929293737887
0.7422304899042376,0.5993418161513436,0.32033067790948044,0.09217797,0.11207168,0.17871824,0.13274177977247675,0.36563540262218736,0.5329172649168591
0.8078069620117134,0.38495712803021437,0.32409744921469463,0.09051121,0.1395393,0.12766181,-0.2971079797621195,-0.0541854899058261,0.29361786989273087
0.5285853153702377,0.5333939494742095,0.411270906100432,0.03723187,0.04827286,0.09390767,2.5467407317876107,0.4017866097835662,0.47469096897275204
0.7567508595857007,0.5825138927609883,0.3413154911254112,0.07195782,0.0648069,0.075486384,-0.0584865110500784,0.4062257214968958,1.6811373114860442
0.9302412736496597,0.7926343883535221,0.46062436357044334,0.058398247,0.042479236,0.07997435,-3.2665330776360357,-1.652167707171176,0.8566429723036487
0.7337387422732343,0.28341659473927816,0.26036757077219747,0.094164945,0.16582316,0.14484452,0.5736348844560075,0.8740966055300802,0.9511939191274641
0.8054911410347445,0.37916843845972253,0.30524450744153125,0.0888852,0.13936651,0.12205705,-0.17616894042146708,0.41383407968998137,0.7393061612403565
0.7654856834679996,0.5206094225509629,0.37003681629819746,0.1417788,0.16433623,0.18146718,-0.09931930631824153,0.24793918830805695,0.46200516987439394
0.7638788036665874,0.6004423025783411,0.3016194244096716,0.10627191,0.12494444,0.14943491,-0.52899423908814,-0.2408575798864221,0.41421486373780125
0.7657273512796159,0.5221354602858268,0.37273300099697915,0.141251,0.16447137,0.18315518,-0.10850738801239906,0.22853554737144857,0.4424841868618078
0.6432874180599831,0.17884335864930176,0.184158749410418,0.100570716,0.15530474,0.14574641,0.46283915615027993,1.2559008244463976,1.36811371621178
0.8591130979603914,0.3227135248379954,0.314508820332657,0.06473738,0.20546192,0.123094745,-0.4168636491206816,0.9600437416450626,1.0507617776006541
0.7734423571706354,0.3095557983528924,0.3238163042328897,0.09360283,0.19808142,0.16158703,-0.06278547495875793,0.764988253714898,0.8376155006326244
0.7129888268156955,0.28874356446489186,0.3640289188301135,0.10062754,0.13356864,0.10464781,-0.2521623311639314,0.5957932110351991,1.2105249494586823
0.706736039970536,0.6478532017756746,0.41787710501249553,0.07264792,0.14798607,0.11466487,-0.20398375713327704,-0.9920865088099636,0.38057093287974303
0.740903979110289,0.3350378917064622,0.33371461152473,0.1189043,0.21899766,0.14755829,0.1700063516288948,1.1027868404228856,0.8106225510814001
0.9701557856102465,0.31315620449603787,0.3389850996349865,0.036974154,0.18016125,0.13153923,-4.62552249159464,1.1341512414574209,0.7247865872633527
0.8942735030324703,0.3360085381968235,0.3267612451053248,0.092042744,0.17230833,0.11043056,-1.7633655683034342,1.3105868343215183,0.9916495876106959
0.7106490885253567,0.24795286068428637,0.1443661966503037,0.06459151,0.13122207,0.102059625,0.10521281588919999,1.2264686936446063,1.99202506097099
0.6738912472205338,0.4065332524762485,0.33860723670911713,0.16017552,0.23289017,0.21671718,0.47905786137447137,-0.4180619074323931,-0.07299871660588009
0.6137421138512257,0.3229320899484577,0.33049149530580024,0.09348124,0.1545866,0.14554736,0.7359273297438255,0.722652633253137,0.6730932594306093
0.7153464052288263,0.8022282104648436,0.33672413919010424,0.09361722,0.08750947,0.17397505,-0.2801444789164622,-0.6451458038656612,0.03751982090252486
0.6141507535100836,0.3234410098111259,0.3313285895781935,0.093550816,0.15507013,0.14647475,0.7295353770239899,0.7322779843439613,0.6735020638229261
0.7149611747900276,0.3538605258085034,0.2950478704211738,0.100400515,0.13035412,0.12814964,0.6195047432051702,0.9949789276034506,1.037630836637723
0.6950895884813828,0.16271771338098986,0.17838601670886095,0.1477468,0.14751558,0.14099489,0.6797166126263066,1.5500384002750711,1.6354617426971763
0.718851755896091,0.2708855697170683,0.31257585505380525,0.12887685,0.18401986,0.1839949,0.420529499955718,0.8760455436382675,0.7803874661558459
0.6466780832510898,0.15963984331721634,0.14643709771302368,0.11821328,0.21542571,0.18410774,0.48550898670303655,1.280944888718843,1.4498965898538951
0.720343952738384,0.24105831611756773,0.2714403247435559,0.12887757,0.14738423,0.15090428,0.07681058752994728,1.092155220616112,0.8520810969927902
0.7099156517840037,0.28032592837278886,0.20946954056209918,0.14542355,0.24271534,0.15637329,-0.5062799052655104,0.8984098751532053,1.366224425667057
0.7237858825027899,0.2968276254553861,0.2504374978939432,0.11729531,0.17740598,0.15329203,-0.04804603019264799,0.4841809354696921,0.8773459366439713
0.6421982877658772,0.22157489342048672,0.21249573565963722,0.12703803,0.21221589,0.16122702,0.5755838516370956,1.1890325454524837,1.4670144484208394
0.6041258538946928,0.3981933152664855,0.34359246860442294,0.13888475,0.22160709,0.20613256,0.5280297965803825,-0.5887900433074564,0.07333213049176625
0.6413850072744864,0.20709564197100253,0.184009939630574,0.09318466,0.13539158,0.14089121,0.7757459404733897,1.7189129378221077,1.7181899043869289
0.7626020965979704,0.2484199853972037,0.2513144404973928,0.12868418,0.162714,0.15611154,-0.003581763189492215,0.9717063653697933,0.8600839920487859
0.7131386793797823,0.36334467365586465,0.3007113138679413,0.122508,0.21318853,0.18818916,-0.38941849357476827,0.20561170973924706,0.13907053893869495
0.6945594203802397,0.3344194978149884,0.32151714259021164,0.13374314,0.2149538,0.21550348,0.4064130337068848,-0.003714090304352021,0.04793387833579002
0.6677805361701734,0.15626576016498336,0.19202959526985688,0.12793711,0.14780556,0.13185167,0.6202060206690682,1.732655140554428,1.8002945312906913
0.6601327739900134,0.48751145448891414,0.3732994812903112,0.12554948,0.20423606,0.1308382,0.5635199126895287,-0.07106685333530281,0.3225747866305207
0.738016976166717,0.34613617999186397,0.37342881500427333,0.08168486,0.12875143,0.12072662,-0.06591360953120969,0.9442314961194713,0.9487564949219753
0.6786823615588755,0.15794156695777736,0.15534388456659698,0.11798174,0.14501168,0.13736914,0.3721069078215337,1.7094592375334858,1.866589017191242
0.6665362767176314,0.2947358304826734,0.24734090218416813,0.12171073,0.18230468,0.15956832,0.9366419269890156,0.8603170208959628,0.9036796292374843
0.6500770004231453,0.21941824832122428,0.2216327445347197,0.09151389,0.12181776,0.11736576,0.8178552535664836,1.2489171239321875,1.2367739174350254
0.7201849744791643,0.23988192340558015,0.27073263236779227,0.12871957,0.1459444,0.14896436,0.07549855740114157,1.0916442112768132,0.8188768682978544
0.6879852578624726,0.4247905946362032,0.4405508798775592,0.108741075,0.2578258,0.23744361,0.5834267375738132,-0.38189498976876196,-0.3365635153568562
0.6370806651774928,0.2533655994043239,0.2858272524199506,0.08006408,0.15307301,0.14769734,0.8628060793567455,1.0840303069055304,1.0480216468295973
0.6508955400138775,0.3407635818101418,0.3678637816937986,0.11472178,0.14641401,0.13792516,0.6318438460073441,0.5648191537341637,0.5968895587432927
0.6133171382431081,0.3221980000875777,0.3301955345663522,0.09401927,0.15453187,0.14616482,0.7496261474003523,0.7274950937071437,0.6552325482322153
0.7024720751979052,0.27717807556363816,0.2553067450272149,0.16590044,0.18245223,0.15426448,-0.7794828349009468,0.7679978714872995,0.7761250172408175
0.5774526130185379,0.31029534211686444,0.35675580806843876,0.06146905,0.15631688,0.14056453,1.2446213739738912,0.4611912061306979,0.2472269981793944
0.6939180535186086,0.3174795187667698,0.316257176680673,0.10124722,0.14387871,0.14062116,0.4173015961148752,0.8943824864464026,0.727887491234484
0.6711865251822736,0.15476319076859887,0.29570366923427926,0.11859397,0.17366269,0.15715218,0.6585759650280111,1.14557619071457,1.1011949448422529
0.659374900320318,0.30493363043568156,0.312712972709421,0.13697217,0.18977827,0.14030163,-0.11707497239952172,0.7493344529542284,1.1394038345261877
0.6896645129097951,0.29467670734874435,0.3554360721177659,0.14333148,0.17508395,0.16706342,0.5188158317999643,0.7654824743477264,0.7272344890136613
0.7093465126017322,0.2789265154548154,0.33790282130218896,0.11726459,0.15676145,0.14381453,0.4082556513950863,0.9404697283903496,0.9980315300404705
0.7023336156491075,0.46342061835865,0.30101866485052675,0.12940776,0.20876975,0.13873951,0.34610448045410813,0.6981188232428034,0.7181119581707643
0.7575824832681987,0.18917379545520016,0.1390390589019116,0.12259927,0.23419553,0.1748342,0.3285427788762134,1.1777987221253512,1.2341562530764165
0.7454281931947843,0.33493337512918125,0.23834555610885086,0.10052632,0.2040103,0.14282924,-0.37932953292092425,0.6930145619310729,1.081483713620619
0.6274470536887806,0.2711476395225593,0.30174179507742543,0.09648963,0.16576186,0.17429338,1.1911076690267195,0.9410830446135642,0.7631374332099211
0.679328831729197,0.2822257075717878,0.3218735038219007,0.07942619,0.13635038,0.11635441,0.5513280139801305,0.5761966834835132,0.7958304836180541
0.6572621467763977,0.24581284018620606,0.2352226063223201,0.11975961,0.18402912,0.18938343,1.0338826350079018,1.1168527231193872,1.0398593868599213
0.6894003886124754,0.2339385372593144,0.19841902014901913,0.16362548,0.21546088,0.17565939,-0.07864588023478504,0.987715024680698,1.108010610630984
0.7186271681477625,0.5080637467026631,0.23824161071286815,0.08519966,0.19245599,0.1286867,-0.3532244237514413,-0.6894953409998509,0.7655024579251692
0.7157718416644397,0.2757067069091603,0.31649682882938573,0.12978823,0.18366233,0.18262047,0.48580182687188705,0.8668340988269386,0.769585634754356
0.6761699983493331,0.22938483324211936,0.24761482794269826,0.105360545,0.16927804,0.16415772,0.11569832164280937,1.118723474509842,1.073556453190782
0.8266236673272329,0.3081814276068615,0.17850213552551666,0.10808955,0.16360915,0.16902111,-0.7055872799414066,0.1478773951279659,1.0849984363323613
0.6356885719103066,0.20583889042267436,0.18279663504711385,0.073186144,0.15949742,0.10819716,0.6579390594971996,0.8371342792566152,1.1627224364101114
0.722328382664206,0.27553472263795603,0.1934277467469626,0.13037296,0.18546171,0.14360313,0.18101813404028383,0.9687086193117678,1.3921854393466795
0.7394244800520772,0.37010335203435485,0.32927345432384497,0.06531392,0.13298184,0.110366255,0.3865486796025588,0.9305302802711644,0.7852216189969922
0.7346879141749968,0.4406822382690234,0.27929215078528835,0.14594023,0.17198431,0.118314356,0.188542351380372,0.23179723058729856,0.6966590732432384
0.9573299875616789,0.5605032140773641,0.3600381427083099,0.063154735,0.11502088,0.12902638,-3.8488135520777926,0.15373299607956087,0.425728702327787
0.9351622452901213,0.44603248750476426,0.27916378316028945,0.077095814,0.15275285,0.15035453,-1.902712782141237,0.2592910116503851,0.6666259398872509
0.8339090709722614,0.2709675245923591,0.25448634109345203,0.15819493,0.25816765,0.17918119,-0.5966707391393857,0.4567493908711282,0.508361694935443
0.8364315947914388,0.47000838460061656,0.3835712337485241,0.12328217,0.27031586,0.19075423,-0.5062294301993402,-0.15818943373363417,-0.014037854911084717
0.8034243169509001,0.2851684608044738,0.22936069561478006,0.1543945,0.18285847,0.1282039,-0.4093057450521786,0.5159210730882873,1.1457170666395413
0.6550884532814274,0.27014675969285284,0.27688029409701065,0.09114659,0.17045565,0.15537429,0.6212939253923424,0.8353503274987005,0.9234407543254086
0.8052740163319888,0.3034796742527142,0.1913781807333782,0.086691156,0.16162348,0.16577207,-0.25462902017645495,1.0440587951760545,1.051892924027672
0.8711987554136207,0.5257060365247017,0.39338911547465255,0.08403871,0.11989645,0.1201901,-1.1267953151867514,-0.05560501479366235,0.5388286745510348
0.7052891265596782,0.48359263220440124,0.33567391562685484,0.1276426,0.18396243,0.1431808,0.7988449509630844,-0.47223697349273014,1.5029920145435718
0.8676460553516159,0.5474720310050472,0.4232471016383662,0.11063795,0.14469814,0.12016609,-1.235100021687486,0.045867567229796354,0.056337820272412964
0.7445190889726344,0.33900802660888474,0.338845510348897,0.119800895,0.21937487,0.14729075,0.1653635871422388,1.0936012969978262,0.7997938655926202
0.7312898427900489,0.20408766179619017,0.17155518343424983,0.08480992,0.16137135,0.11731974,0.24330890554921727,0.8993463791947252,1.0773648214650733
0.6249324506193654,0.15741983405497098,0.22762485967259008,0.060715657,0.11169187,0.11694086,0.43785372970332115,2.3961814021839727,2.2463327657165415
0.8759998128127716,0.5266064548333316,0.3787899917324631,0.0919225,0.1533344,0.11809755,-1.2129965586358655,0.4908577732220878,0.7850871847691403
0.777948048215112,0.43402608890992095,0.3177720757411758,0.11116428,0.170382,0.13200113,-0.36352710080892886,0.14899117921940097,0.5574217258395404
0.8103302874941896,0.5572309162837804,0.2630368993504452,0.16853842,0.2684063,0.17020734,-0.4130611291717324,-0.23231139225558617,0.5188663693490527
0.8390648958984953,0.33180036576845223,0.2949877482818815,0.09659133,0.16032247,0.12990241,-0.24644485931262208,0.8294214768880971,1.006075045389274
0.8251932191997381,0.3778730854939077,0.23499876198216532,0.12062699,0.15238532,0.13590978,-0.4104729981693315,0.3361642212588341,1.0308131495283728
0.7271200728390285,0.29788881168643555,0.2504136578833752,0.11805923,0.1773256,0.15194397,-0.09472197741563357,0.4715816727725547,0.8841378304567423
0.7427521834171696,0.23473512521283227,0.2174339488363073,0.11077886,0.18068345,0.17955633,-0.05331041909647166,0.9443776160270131,1.0273814644514987
0.7835346020113279,0.27035921932229684,0.25292394895663345,0.12270057,0.15261714,0.13837507,0.018656789469962052,0.9528291579037176,1.0333637199061625
0.8062879575718503,0.3244259564442445,0.2387721994740924,0.1463152,0.14490989,0.14109588,-0.31406662560772935,0.5587615023968947,1.0546495495572916
0.7949003233861396,0.3217028941012714,0.23711326701870808,0.14288038,0.1416556,0.14024186,-0.30884263434248505,0.6071857843428732,1.1175835090981103
0.8057289202981371,0.31163138868332363,0.25315485067682436,0.10907936,0.15750107,0.10224732,-0.5537912220603298,0.7428255537750239,0.9158304872947013
0.672037170376413,0.27149592851147497,0.2625614375605844,0.10374018,0.15750843,0.13956717,0.40342648550726196,1.334479487270177,1.298990334437408
0.7921190162604127,0.41022174675821854,0.3769620879147578,0.17664157,0.21429192,0.1593517,-1.6014330792955427,0.2519843434589641,0.14025975183061745
0.9468794808905726,0.5815046804576791,0.4936952716034616,0.049755834,0.08718288,0.08918263,-3.5741880206730174,0.6079748685885089,0.264287968199863
0.7597644851401767,0.20381849903845212,0.21037793597623344,0.13614613,0.20527385,0.17729469,0.3302096982427383,1.2014881443925363,1.1478104521305834
0.6962866160502343,0.40958023661971993,0.23476483683283184,0.11907134,0.21137866,0.16100818,0.38833797502250283,0.5942213058691398,1.20085350995764
0.6845558249650752,0.35049397888263495,0.2804554496369635,0.11398203,0.17813993,0.15555947,0.8799288567448829,1.1056466529048867,1.000466399986642
0.8796736097498958,0.39096651167092183,0.3267032710036041,0.06780521,0.19727989,0.1590678,-0.7908208149952711,1.1004316729371433,0.8352978566242023
0.7013016920478825,0.697532299467079,0.2750341232524,0.12762229,0.12088199,0.137237,0.14752245443573292,0.04399448804925542,1.5159967954864155
0.5688040893874039,0.706226810084363,0.24553620536112414,0.110715866,0.10924234,0.19138996,0.12538594078027923,-0.13587863808368408,0.4709470014714291
0.7261808874903283,0.8043633122227664,0.1124346338507661,0.068424664,0.05653017,0.10254641,-0.3986414144390668,-0.3149655942044664,2.2029931080471887
0.728257632743831,0.31720867468114555,0.36826675055038294,0.13493164,0.16355038,0.14385717,0.20709738806848982,0.4016480325108872,0.38047324172394714
0.8410500772270456,0.3389204526954631,0.32007973141850554,0.1560655,0.2396073,0.16196957,-1.7069119644232764,0.2878058086319378,0.34660010813576375
0.6954987266668673,0.7629809207247843,0.24877424591089323,0.15021467,0.12374738,0.17863867,-0.29904562978395854,-0.3533945536394997,0.4330450982769354
0.7025708013570936,0.3368630225724754,0.39132251823052816,0.08104492,0.114876024,0.11066159,-0.22297049223602358,0.8015672894094331,0.6757131887888856
0.8143648383912733,0.30441188386860885,0.26657292525623993,0.1388268,0.1590039,0.12935057,-0.31616180490755785,1.1619613183439332,0.8103382463107934
0.7303716038209672,0.2819713222724158,0.3034140573151358,0.15533222,0.16004142,0.13749216,0.3759061539485435,0.7244730364959052,0.8065817952771072
0.805643559008138,0.2904792083486557,0.271079514368514,0.11882804,0.22999012,0.19679432,-0.44682718776716523,0.8640678921680027,0.7007723281240645
0.6928426621053198,0.24542747632170467,0.22914251322500515,0.10352625,0.18270925,0.16499916,0.35160052205572195,0.9250609394173577,0.7339892611347751
0.7303098396201262,0.19856299385620307,0.16505240747594732,0.0760544,0.16501479,0.113671705,0.23124891896744013,0.8315271371453175,1.149575828179826
0.7172501384855035,0.34837858634729896,0.24782356605383396,0.18687958,0.238932,0.1803765,-0.24058544582893476,0.0347351399658502,0.6012378233413384
0.623038018938196,0.7396195685789327,0.27345397629626955,0.11792777,0.091396905,0.15903676,0.17385410361445072,-0.03766951843398958,0.35008714250774536
0.7828793184918883,0.3415520858888964,0.2899629378999936,0.14280914,0.22478157,0.17169224,0.05170078772783697,0.5623625857217718,0.6469678263894355
0.661372267196673,0.3486049755870738,0.3444230728583319,0.11591968,0.16238998,0.15669776,0.48967113487073666,-0.09157689053208606,-0.030653385745374975
0.8012549829708154,0.47173767998042,0.3378945449758517,0.11698541,0.24098782,0.16614804,-0.39304567213029995,0.2149621162233657,0.603817683673855
0.6680791548974622,0.26944513082387345,0.26252254958480864,0.103718005,0.15856081,0.14032882,0.429714595762631,1.2958305012165374,1.2565499445982027
0.8324221936434384,0.33340950542157516,0.30821780941678617,0.08534432,0.18473819,0.16106816,-0.3396991233113289,0.2541687303472751,0.4806238557883864
0.744674019038509,0.3058852153050265,0.2519891152107144,0.1338226,0.20608623,0.166204,-0.4140959831709099,0.5086796610891703,0.9852898082774042
0.8218365021718124,0.2939337580791064,0.32190582706050486,0.10294349,0.17251535,0.14898872,-1.7397150760050064,0.8127277226110055,0.9681091546259883
0.7793137626825498,0.2351364217917659,0.2593198622392573,0.12442653,0.20850413,0.20108663,-0.24683184634459485,0.8405061994964801,0.7860925516375168
0.6758955967324878,0.18570983204992778,0.17909403091775858,0.09343744,0.1466612,0.13992101,0.5202611217280019,1.9289134063505613,1.9761356479252354
0.6973291870750842,0.7580729553190055,0.2575143689082836,0.116179064,0.09303495,0.1685792,-0.24316710021412746,-0.5137406267015834,0.7612866021330057
0.7055109868445454,0.7444755111063818,0.3115400700194142,0.13169658,0.118119836,0.15204398,0.40206873002877247,0.41219479977047996,0.4851746493685166
0.7517358471218777,0.28819090729304325,0.28409091242023515,0.12863925,0.20654269,0.19648604,-0.08220655024240986,0.39538686730185135,0.3986980096522267
0.8866494626891154,0.4422698558936398,0.206853444913645,0.07058749,0.1989412,0.13280608,-0.7426683978850014,0.44419937397207765,1.1522144443718825
0.6864015045054608,0.7798422628650129,0.22391469842220715,0.13583834,0.114432216,0.10518049,-0.24701897696878655,-0.42591036596736676,0.8062213803107279
0.7264670664501452,0.24279284858994335,0.17747271830817976,0.1254541,0.23624249,0.19052188,-0.07486072819060687,0.712384900587171,1.0654511135690916
0.6255492703950613,0.7432509450961421,0.17271268147237379,0.12452155,0.0917744,0.1776451,0.14289614085518895,0.1779265141800042,1.0808724153413087
0.8706422339829983,0.362655425748098,0.2818211115342282,0.086070515,0.20157844,0.12742847,-0.45337226568314254,0.6604154188894141,0.7478234360737348
0.8709797097930987,0.40986697701574587,0.4123045312731268,0.06944918,0.13395539,0.12583825,-0.2656113823770301,0.0812133761854642,0.2968783913364518
0.9534848932298481,0.4406727735902309,0.3801921500546634,0.058674816,0.13290969,0.12263953,-3.1253518728695022,0.14791858178865236,0.4681228900145511
0.712437458740062,0.15604102243373605,0.12769882908860025,0.09188546,0.13599075,0.13618986,-0.07699413921711643,1.801459637568935,2.0191704430052106
0.8089560109653879,0.31912534947471854,0.3041292114302245,0.07098258,0.16893362,0.18702126,-0.5519198369351965,0.6561004499153905,0.6288496330533043
0.6066005630767867,0.27299576985997637,0.21175924277570723,0.15711905,0.22399431,0.15736662,-0.5883042344515724,0.7885854899336816,1.236703639708325
0.6138383885648793,0.23332097570103452,0.16478626695123755,0.17348428,0.26884684,0.19907276,0.012724562964413553,0.7148062105901397,1.1392065081726432
0.6481450079646544,0.27222907353160536,0.25654083430804664,0.13900031,0.22809643,0.1590714,0.3147466035001572,0.8947324713643398,1.0549668108637813
0.8170006574271477,0.2593967588538272,0.2862850050559504,0.10069094,0.1904943,0.17292452,-0.11468510961093062,0.3976062919008307,0.31789083430802056
0.6564292495343174,0.3326254481362333,0.27766019748034126,0.12175971,0.19159931,0.14138888,-0.3211682854168016,0.8667131094416918,1.0180342352542906
0.6489916471700133,0.21898597081641763,0.22030467027454279,0.12063001,0.21752453,0.15941805,0.4615516332830542,1.0764739496066724,1.3135312626426279
0.6340833816038038,0.3023320953386018,0.3051514381093474,0.1408447,0.19868328,0.14925489,0.8448655129412596,0.5957997889960194,0.7984475096852283
0.6957177191193249,0.24341157636569344,0.20623119157868103,0.16420165,0.21699691,0.17846443,-0.06664107977090719,0.9548971085334442,1.0681256052917059
0.745487447143525,0.3967425857774287,0.29374602635586894,0.1858058,0.2312642,0.15804748,-0.42649141369766314,0.24283028337018667,0.12729778592460733
0.7158928034558057,0.19275988802767463,0.2717316173945169,0.115679115,0.1899175,0.17059165,0.3827922414519859,0.9478116637160454,0.9033389732110448
0.7929926932633881,0.3938232543145057,0.29559402783356,0.15957545,0.201199,0.15314542,-0.8488670771798107,0.3488520502264541,0.736185299359311
0.8430879689322616,0.32984954008210904,0.2781687073231683,0.121520706,0.22102614,0.16895854,-1.0187489822553342,0.4497400462167241,0.3714238508657351
0.792104955986705,0.39682638428357286,0.26271001533068583,0.17808788,0.21079484,0.16561696,-1.2616203768914374,0.297955318458447,0.7010911772157065
0.6087838235496181,0.23218940139676014,0.24169704064339487,0.09091199,0.19105712,0.14561649,0.3883789729693602,1.455395388809611,1.3603608786043173
0.7806980500171801,0.25690060828145167,0.32146118564046583,0.11388406,0.18172947,0.15789466,0.0476367291882486,0.46596926192074817,0.5080743550749933
0.7225844325015532,0.2743071512538355,0.3167822901315765,0.12811157,0.18233022,0.18292232,0.4050720445449574,0.8395432330355397,0.7701904399258438
0.7345319878401898,0.30323233099065017,0.20696541914123326,0.11425097,0.19146383,0.16666888,0.19097274410206028,0.42182259834573427,0.7333369224451813
0.7205751300432194,0.2140862399414278,0.2216216738673614,0.10559422,0.20674348,0.18934345,0.773622247163054,1.0261066237181888,1.1040992885119865
0.7801059612228642,0.24958359876132583,0.2772237039525256,0.10039683,0.1862824,0.16863841,-0.04103697827810379,0.4221570492293323,0.21729467981518555
0.729171914334079,0.3326474876651406,0.26292596387797756,0.13236345,0.20111981,0.17708819,-0.011100258723670965,0.46099360433857084,0.5304051366534301
0.6593989307308235,0.7339367360524032,0.33476003211919986,0.08188087,0.08297472,0.15366833,0.01618380579972784,-0.005631627981030094,0.3000653909086288
0.5834236157380437,0.7701068928391049,0.21091945085154304,0.13023055,0.07842723,0.20707577,0.5317015395536618,0.11485705398262917,0.7326108131215052
0.7405714018979976,0.7869371971373351,0.3136651000229362,0.10037299,0.092681244,0.14244676,0.1731233958955551,-0.3457330631608846,0.7340356553510065
0.909475620184446,0.572556181505449,0.33359717763939517,0.08769808,0.17621751,0.13713795,-1.1605695877037563,-0.2140224431586718,0.23251588550366953
0.7437927039570286,0.7812672176307113,0.32280043632100747,0.08606852,0.0892855,0.12544657,-0.016451524134584596,-0.37770748443648217,0.7332407826033293
0.6218031235046744,0.8041245394288289,0.36048564435027103,0.108346105,0.09384948,0.13349573,-0.12037906897339787,-0.195369536487996,0.06397722945223912
0.7973257183184086,0.3471429333398956,0.2708192295541252,0.1042498,0.15574597,0.15504341,-0.04340997876486137,0.8274321829044184,0.6844426510841882
0.5500954716559004,0.6858389339041981,0.18120321131144312,0.113563105,0.09555909,0.17831624,0.6941764024194116,0.6569267477281522,0.9602228869420256
0.7748430887628261,0.42845515988619093,0.3129252396098894,0.11241322,0.17156062,0.13228111,-0.3152207328017771,0.1635686472517081,0.5282458080589253
0.6886937038117519,0.7583145973851985,0.29147145243299766,0.11230706,0.11098381,0.19884121,-0.01240070859586321,-0.11634855435638365,0.1984913171796313
0.6297782689415053,0.7848522704976186,0.32691163457411765,0.08501708,0.06711682,0.10862641,0.05102592656617115,-0.3947913571632297,0.6278891119284246
0.610037399744909,0.8063685114747461,0.14438755851259374,0.09538997,0.07667251,0.1815625,-0.40361400220459426,-0.9021233786302372,1.203397820624343
0.8968033044250859,0.572523034614183,0.475655309059027,0.08198798,0.15115374,0.13046855,-1.0059728674042727,-0.1676050703304375,-0.1763894483313666
0.6115801165935025,0.7918032377957347,0.2848132513002204,0.114375636,0.10660641,0.19394748,-0.03174323821237658,-0.4830302873271932,0.3212340376140001
0.5570895462368756,0.7417751612539507,0.27878782029619475,0.09973205,0.09480662,0.14706415,0.6073839155997431,0.4917840263873779,0.7229886663325759
0.7627609451707169,0.31091935514106256,0.23986831544991835,0.08446641,0.11613699,0.08480893,-0.07822137677838613,0.9566429756252823,2.088715996138785
0.6587088820309766,0.7646504432769434,0.3252587025999039,0.11054109,0.08726641,0.16829313,-0.16371339738398236,-0.0545220090691863,0.36854348167405004
0.6632916894621619,0.8068104092189985,0.2475882611080818,0.10443613,0.08025763,0.13215044,0.5765508933981263,-0.05878585035661633,0.8918772436075374
0.8604075075635849,0.7757268527194098,0.1593192142582862,0.075453624,0.071022674,0.19302428,-1.0356175937382879,-1.2550740868262862,1.3794824905028142
0.9226412306478375,0.804330690132543,0.3046889177104801,0.07652909,0.08496074,0.15716702,-1.531914097059724,-0.9945509924863518,0.3637986710156173
0.8808172881977654,0.842215720213421,0.2686017287482867,0.13750635,0.10786619,0.12460837,-2.8528678470889495,-1.9653287324911095,1.1564096188564905
0.7123694110244158,0.6604704084680301,0.3759779203578722,0.10829654,0.08625771,0.22273967,0.2237351797562112,0.06101370607645266,0.0859932857707319
0.9300493430781432,0.7920757187709704,0.18571723015561103,0.07395615,0.104517855,0.20082316,-2.639370288528113,-1.6004125762193393,0.855933814608059
0.9347519177359014,0.808660140838227,0.34918597153355296,0.050868273,0.056630574,0.08782742,-3.0775067920588453,-0.9221473312037038,1.2712152900549543
0.7450330237357792,0.7432359133126549,0.20426460268313695,0.09448895,0.11812407,0.15372257,-0.0013985859780194399,-0.1571228499150005,1.8458521783432478
0.9740892965743663,0.858141776636423,0.14707754379001836,0.059730742,0.085988134,0.18078591,-4.689316317039749,-2.2309815434143605,1.3340490447940134
0.9472262974200565,0.8203346798233462,0.17134856675842003,0.09887957,0.08905129,0.19214728,-2.743209832935833,-0.7456840039617423,0.9876010487568535
0.8976453906274765,0.8043705095682994,0.23808442052267906,0.088472776,0.0887351,0.1525952,-1.1999616640577455,-0.7277909369211689,0.9476316301533343
0.9319940765722167,0.8402587716453904,0.34681453617831154,0.08256927,0.12153497,0.18677156,-1.5857395628527682,-0.6469783323136533,-0.09532161360628719
0.8887012610126723,0.789948037299262,0.2554396570133224,0.09406586,0.116654,0.16495688,-0.9754422928313881,-0.5438321598684451,0.8022837052477749
0.9177945183523254,0.8136827483036952,0.3552364160923222,0.090869635,0.1204251,0.14616875,-1.2788160619044793,-0.5957674240110741,0.47226229279748044
0.9091968871105244,0.7930390581513831,0.22146045349044657,0.09661081,0.1397787,0.18271624,-1.142105979253654,-0.507788462654444,0.6004239844208259
0.8852892058361597,0.3355901396058375,0.25195497944649176,0.09019855,0.23527434,0.17530856,-0.6078202704774679,0.5379908880843131,0.7916888488258251
0.8087183727717815,0.7513165661669191,0.19191546186479624,0.094828136,0.104521014,0.16186397,-0.28874393497238104,-0.12538162711739478,1.2517658595559331
0.9056153619340078,0.8174938817630815,0.3073264042458167,0.114443615,0.09025709,0.10568233,-2.692718850523218,-1.200281853922746,0.9020581387438849
0.9406357670053529,0.7704653573177829,0.304144854307545,0.05907086,0.07259907,0.07954593,-2.1084556161980736,-0.8038895194928921,1.938339213165186
0.8545417413346806,0.4870005248553999,0.26877333706927503,0.17173362,0.2727771,0.15496323,-1.127243732833644,-0.442226872948998,-0.0085704816088189
0.9126306338658445,0.5870921311602327,0.3135709934898055,0.08936273,0.20872876,0.14019673,-1.5226269249846651,-0.1426305988246789,0.5412474491225018
0.9166376681444065,0.5312248601523093,0.34387316805829765,0.06491994,0.13640943,0.1552115,-2.1101729767032675,-0.09146697888342217,0.25331758553265177
0.9647244618556232,0.7314439860323664,0.27764656493794243,0.05915115,0.10242161,0.16442151,-3.67563470305358,-0.35098023914977333,0.570397238028894
0.7541739340711204,0.22842751375018616,0.19814983458615593,0.122239225,0.16561925,0.1751716,0.17930679785862802,0.907506168252671,1.1654141129770312
0.6629449857734786,0.6697129815083408,0.32936827583529615,0.090213165,0.09001787,0.11707134,0.2895909947229515,0.3534271859184692,0.5860795498930041
0.7377552381038365,0.29672255716297613,0.24257528290918984,0.122111104,0.15231004,0.15712942,-0.02819691835026421,0.8576900670099934,1.0446596122329428
0.6628411520059012,0.4877107071095799,0.37341230212675947,0.12531799,0.20600325,0.13152067,0.5282337726857396,-0.07237251321277562,0.3532181259551265
0.8183457422056216,0.3183975218751707,0.1932326024872246,0.11051045,0.16574514,0.17699027,-0.6380733253124808,0.15469296197568805,1.0091111569443236
0.6148477413810668,0.20371788109515981,0.21827336880348902,0.08882329,0.17092757,0.13895707,0.9417195024492832,0.9800880042543144,1.3100602710159943
0.6138725327395712,0.7495285912439027,0.20335345562996815,0.084107116,0.08381319,0.1279832,0.703728292896782,-0.16906254908555463,1.5133875049688559
0.6963471591154573,0.3336217572122794,0.3214350559528604,0.13216797,0.21383387,0.21373549,0.41010446608418927,-0.005817849752490667,0.04439996724166516
0.5785564562620209,0.30837532572263743,0.35569177508551314,0.062362768,0.15831862,0.14316475,1.2836980010297827,0.4684338308286757,0.24048851365726875
0.6964577994742315,0.3352998439580124,0.32322496289826336,0.13083468,0.21378909,0.21336637,0.3918317200244855,-0.012829815916172545,0.04178235852776164
0.7623549076530687,0.1945962426494327,0.14506716208076956,0.12161566,0.23740982,0.17905,0.3066230709585591,1.1058551149712301,1.1520339077273394
0.735394261331608,0.12153960029606928,0.24658894645938428,0.12956008,0.17700197,0.17681095,0.06179627796949207,1.7502950274158389,1.3108112778296226
0.5196981150538809,0.7288001663548057,0.3850867858060721,0.082332544,0.057152398,0.10194386,0.644736584362586,-0.38556942963016944,0.9516788832011833
0.6746074453388405,0.2822581928381956,0.10097786071271132,0.099620976,0.133647,0.114067525,0.2955562235683683,1.4552301639454632,2.8196802915034755
0.7017865807580638,0.42360497951716575,0.30863620093067784,0.07571527,0.20134114,0.13523853,-0.2920767502872193,0.33157631187626607,0.5230724093245989
0.7091280672268835,0.3879457703081262,0.3052970308123232,0.0995662,0.17504328,0.13565175,-0.3121482759723329,0.07119554722235094,0.4723977822523594
0.6744932823920197,0.6449582946110597,0.26241650317236365,0.088368684,0.095736384,0.122438684,0.28772540918879846,0.24376413425474047,0.919631637910581
0.6498620265949954,0.26222860891568456,0.2636794990610847,0.094028994,0.1514521,0.14926183,0.47120691194103986,0.6831540718695537,1.1125075016241062
0.6919912408844991,0.7638279873173748,0.3547844386857916,0.13671911,0.10984867,0.17935544,-0.25500068935611847,-0.347919351234359,0.31322274683715645
0.5846039800372318,0.7020054709850775,0.28762012153106065,0.0657331,0.06783531,0.10598573,0.7410333487892052,0.3515318063002738,1.5787725971616093
0.6728586501262253,0.7961027554544228,0.26167834912196264,0.12308055,0.082228765,0.18273656,-1.5189686809944936,-1.1660917717755914,0.5120817305652061
0.6487849019908998,0.7374481891334136,0.3921799731679219,0.11804966,0.103348464,0.13010103,0.1753811547681058,0.15785060804343326,0.4199582178414699
0.7643055976435127,0.3056620084238238,0.34853381630597813,0.14272723,0.16041507,0.14603129,-0.12494829378954193,0.3548218298587444,0.49150307414100247
0.783221551206969,0.3107635057971846,0.3502385653175579,0.1116891,0.16589041,0.15603495,-0.16580079026779665,0.3670259994881594,0.4691833956483375
0.7598557787552257,0.2609001475307792,0.3197749514640018,0.124233074,0.18691826,0.174337,-0.09865147648563169,0.45653722454664086,0.5445037393166373
0.7086399789620731,0.17722194046509693,0.16372961446642145,0.16525075,0.193107,0.1479757,0.16848494722381324,1.5174804848096408,1.8118575680041975
0.5371911230609943,0.6578605930812863,0.10990896916831391,0.14798717,0.12682457,0.17960465,0.6045891910698711,0.6126621781771737,1.7563967943730743
0.6364526921880939,0.7409021942111169,0.27430983504511647,0.10985936,0.10307495,0.13769193,0.34929077573926937,0.08229083563154385,0.8014368274046015
