0.4611581240683407,0.3670235320905547,0.4427626801207812,0.3795126386832375
0.41818221074807144,0.38022707417782514,0.4570314644656038,0.3877224909783003
0.4404048352897457,0.4272095759765631,0.47124110142012954,0.3791559223881158
0.44848438337560015,0.4164879563984269,0.46365066574575037,0.39686255084585864
0.4862667250523038,0.4042062698172398,0.4920642418934639,0.39363749457517283
0.43811868997783787,0.4271173614914111,0.43692383955141606,0.4173150963805746
0.430518494478251,0.4264781225695531,0.44059925174667575,0.4161618587162297
0.43579222061173983,0.36119924678390325,0.41857836919346586,0.39673447617747726
0.42101238463100205,0.4530011253180323,0.4459990491791288,0.3907837261847489
0.36824836711441955,0.4301983844051484,0.41186525892408243,0.40144432634783955
0.4923696114671135,0.4064010968467409,0.4978268933144034,0.31648195442804883
0.41573926617658624,0.450934544311492,0.420921332388377,0.44010185536421803
0.45526205649396284,0.4174037870111393,0.4625686601664427,0.37701056769538016
0.39727598306256406,0.44968022577404193,0.40209144952392845,0.4327422820205578
0.49278599866835154,0.40230116926529874,0.4944673179967299,0.39273287720706274
0.4920874301717243,0.4191842920996715,0.4889673962362902,0.40633151002377504
0.405935383628042,0.45539708366097287,0.42815828140041545,0.37451369104197557
0.43005554675406726,0.4028364853662101,0.43398662847944364,0.41620060868861286
0.41950714136675665,0.4549789649180647,0.4402133588551901,0.39393429598215096
0.41682548703861577,0.4189400160581365,0.4489679517539705,0.38944139594358357
0.4473493100944081,0.45933104000905484,0.4860298895386615,0.4169628047810218
0.4135475554213202,0.4537932464322487,0.4484020523415676,0.4014732243680853
0.4473707998531949,0.3847838271886213,0.45758992979908003,0.3982326431554206
0.45969263829513607,0.4426417375569057,0.46537441169210725,0.4379309846612257
0.42377054832998207,0.4382002699056707,0.4497959405062164,0.3738442226215325
0.41610140316759026,0.4094989170015448,0.42671902977207565,0.4095168232997403
0.45108978369593866,0.3808096910546651,0.4697424839224605,0.41180069524109014
0.37835675638021826,0.3737965711753218,0.39771570034039444,0.3346666055341948
0.42217846685328775,0.439690685519488,0.44668443649810574,0.4032032916640028
0.4684133498360585,0.3902754297003136,0.48219920526350074,0.38538515687122626
0.4100365621533784,0.4341111666051763,0.4405914118921755,0.41356920637050165
0.45840232389251995,0.3731877737594875,0.478794480755265,0.4136071025876544
0.3988424149707467,0.46802562501821865,0.46158236532778674,0.39675041020572194
0.4134294640492521,0.39878692992087333,0.42643549156959115,0.33133073991546463
0.3874419175109283,0.4478147527778696,0.4323818244291462,0.4224100162330707
0.3654857102218721,0.45158613063390307,0.35644397397656136,0.42324500979681556
0.31471030059265354,0.4336736671959519,0.32659627953745607,0.431456891404311
0.4190604654099965,0.376439102484861,0.42411240567080283,0.4302213814017616
0.46326672445162853,0.3880428520766385,0.476214720588886,0.4161599484949214
0.3992788952761221,0.3975247796749962,0.4336913943839116,0.4381533759455283
0.3448197822797278,0.44998838554140935,0.4092954385784963,0.43127659498145254
0.23794617824251643,0.379475614312549,0.38373644474948515,0.4527423680101065
0.46440208045889686,0.4551726963976787,0.47502558912162124,0.42914647636630654
0.4586941308509936,0.44603054763521466,0.48387667524922423,0.405988554655274
0.47028657616892916,0.4364402653056633,0.4825540472599296,0.4142309273757948
0.4581529380861879,0.4474764865438229,0.47901852624422514,0.4179349839135041
0.459688351153801,0.33638338301426607,0.46121617650864993,0.3635701962881726
0.3814030488410781,0.4313017096954752,0.4308140718521593,0.3702791425663536
0.43508725100930895,0.38754888664147247,0.43431613522701573,0.42460193994670986
0.32054078888812787,0.4184466708108015,0.3481967762079807,0.42846223298234204
0.34086970243058357,0.39860995457940135,0.2589493351981853,0.4079010439024295
0.450515482210984,0.4356443502073933,0.44900127170023363,0.43516359575469304
0.2788961311593989,0.4196299953050452,0.32189842379904976,0.4339744973916248
0.4959656694839465,0.38225474105203283,0.49435189014611924,0.40055734115095726
0.41783140606670016,0.3709509095178597,0.4214245014245014,0.389351740560247
0.4859578224899255,0.4139901949794946,0.48751072949150615,0.408778279686728
0.41492115558611725,0.431598964362214,0.4369370466557167,0.4144294523238675
0.4584699350060123,0.3765086435367813,0.47460853036812867,0.41176474372827643
0.42756434544184135,0.3934600090836528,0.4517911893373059,0.409328973937827
0.4646035993174365,0.388752341126423,0.46027741513946246,0.41522280873125955
0.4533860910331498,0.42395509468328324,0.4563279857397504,0.38590939881443276
0.4099103324945797,0.4481503977113822,0.4180494706357119,0.3581705533243192
0.424400871459695,0.3856860686169544,0.41526506899055915,0.3681854407734723
0.43373067396306325,0.38774974632342724,0.4433329665573674,0.3273281393200043
0.4234237324894764,0.4331095617091694,0.4549866093580049,0.39907357438854024
0.4186355497635774,0.4100694948846676,0.4323381716322892,0.42443367369779633
0.4617906421827991,0.40684074973258855,0.4859632741985683,0.4034179030160072
0.45362381989832967,0.39483302778813506,0.4403444340699243,0.431565618632086
0.4911779230210602,0.41209500288827366,0.4950123456790123,0.35597182347199685
0.3852765443186039,0.3800822537768838,0.3863834977021626,0.37811381698931745
0.47326372973431796,0.40193702836134587,0.4688770053475935,0.37693956328076156
0.49667074157546404,0.35081223536007783,0.48922183404370634,0.41852979232618576
0.4260322713010582,0.43584078199461734,0.47811334093349295,0.3994640948623066
0.4259919881931267,0.3835753926585429,0.4290055520416051,0.4148450248660247
0.4378234007534784,0.42883832932203225,0.4452990344222309,0.39620445929039955
0.4074993548077327,0.42640241375162535,0.4421772088082248,0.376948722626199
0.4460968592981479,0.39785396158407044,0.4560976105565057,0.4197041829517929
0.4991122817286119,0.3208898088617732,0.4888888888888888,0.41231314056799967
0.42977877619694743,0.4387556439600091,0.46018292387815163,0.37028570978579706
0.39437181464895754,0.43358446931515154,0.45292576496127307,0.3695112743262133
0.4375024994724615,0.38864928508985885,0.4324189641080361,0.42465732158648783
0.4324784765824437,0.41929766295670556,0.4473247824273816,0.3835676151661719
0.4378230465186987,0.4522890110232141,0.48730945099231543,0.4138101394614424
0.42099473935915827,0.3976226628445358,0.44803124501833247,0.42234778015431657
0.4679225938741509,0.4131907761870714,0.4697412923680413,0.4072455613502079
0.42117410568026886,0.4479432658680176,0.4367305769708641,0.38061865014685203
0.40974944947543346,0.37166428126369716,0.4154522532054236,0.335089342846248
0.40057730040952966,0.40870555736798286,0.4022623103931369,0.432463762521265
0.4115212291364517,0.37048985983862415,0.405631969906871,0.3390431348381808
0.488512759571583,0.41764678246878423,0.49494035376388307,0.39771718477139023
0.48304631997726627,0.3962220904509417,0.49185005370362345,0.40840711619364667
0.481290565366714,0.43641955168398716,0.48653090256454795,0.41609735598166836
0.4922236746550471,0.4298161863615378,0.49392011619462595,0.4138126619741705
0.3675934440862299,0.39340514960690387,0.39456312504037255,0.38201564043542724
0.40177712621912726,0.35417147015725975,0.3940328862593843,0.4261261281457646
0.40329374585429945,0.41012110810862445,0.41132446945595735,0.42886203735827505
0.40861444892298293,0.4605502956195134,0.44498346268599354,0.3969937781358726
0.3710470447995541,0.4393914636249513,0.40935688092693545,0.40971953729524196
0.4638817143018823,0.4113520367248312,0.48043783169833587,0.41917193559351174
0.40019586971773885,0.410175248694255,0.4058882932522882,0.4276932064002937
0.45799732644652424,0.45396095258045355,0.4750395509753798,0.4139371332756987
0.36892769434604494,0.4328101349244919,0.42543908374772016,0.3924737872287575
0.47884699178816825,0.42805775449702693,0.486730350259762,0.40141264653213804
0.4848770338966418,0.4143428230825941,0.47706093893457724,0.39929697472741327
0.41516686965603367,0.37278155068191654,0.41916013020244186,0.34044809688743266
0.3682279038278318,0.3853171860411663,0.39627861495103806,0.3841247380092037
0.41214616900891404,0.37630299257052013,0.4180452807903789,0.34074479523199164
0.45535196053542004,0.4208244885765097,0.4638900089103932,0.41131082613098585
0.4403722481681376,0.4347594194136271,0.44747961176026385,0.4060375783376771
0.46243940054136135,0.4604192810398439,0.4693620650953984,0.44535986665663685
0.4628537741894143,0.3936632323454239,0.465117518902986,0.41239159997717884
0.46101594537467244,0.44494629390699136,0.4795682962703214,0.3792317339796
0.48376415110695037,0.3818238903255231,0.45828886461746493,0.36641524925960994
0.44382461023552233,0.4465550371487705,0.45106209757531146,0.4153033076649705
0.44342001654810886,0.4280975353006512,0.44831026038282773,0.4186059460343283
0.44063521363218605,0.43932639257400197,0.44662159170098564,0.42069890768926343
0.4517419412209328,0.4006529558665892,0.45729651860744297,0.3859352047232736
0.49098365605085137,0.3689757539542624,0.4781474137720006,0.42140857242615726
0.4446766889957865,0.38999189020892017,0.45948824804586286,0.4125405296228279
0.48989304422185265,0.3640959218668842,0.47845234258507263,0.4183068417316204
0.45134517933950946,0.43596254528599,0.4603350338290097,0.4013853863431636
0.462333487379239,0.43821931259671265,0.4639221848110738,0.3807354260187304
0.4278811347647392,0.44396083448271184,0.4630164810390092,0.3286029227678778
0.42369435059851923,0.4181103175165208,0.4570238233117385,0.3746716026154888
0.4319025868470413,0.4529676431297952,0.4866452010748739,0.363706265579968
0.43034596037367817,0.40501872165118336,0.4140588613510987,0.39361986626422507
0.4102993871135536,0.3627947340133957,0.4171427279100798,0.377990074786609
0.43464655605832075,0.39591443965659695,0.3945182950673147,0.3826596186308125
0.4632299379862707,0.3903274874219469,0.44228673058805923,0.3799822614139148
0.4479024746206512,0.41252881598509367,0.4826657879686547,0.3971211800399526
0.42482705831890016,0.40696982534003523,0.45910587196057695,0.39839753600944205
0.4846958910952916,0.35348569366981053,0.49137449176415077,0.37664662095924306
0.4839354614631682,0.34649790101352884,0.4873419126104548,0.38085144448664626
0.41654554595731064,0.4027500336201908,0.4405320170026052,0.41358522245553836
0.44213402416774605,0.40181868113889824,0.4606407197511246,0.3388968772551938
0.48623288466233605,0.42714983426929737,0.4930807541088151,0.4295832194057568
0.4307341684514097,0.40556637297114223,0.44793767474004953,0.4178370604112722
0.4745349172272315,0.36787422457194197,0.44063119125995903,0.38573354603695137
0.41281995120628895,0.42472140180727985,0.43334868226860634,0.40056372795206785
0.44285645122246425,0.45541890203090485,0.49034132171387074,0.36284343009170833
0.4906807666886979,0.34831205895837575,0.49465769597957304,0.35989241454975907
0.4570263493237966,0.4226016096582884,0.49112179882435153,0.36737800203180443
0.44220069093857955,0.4425820912327268,0.4638007246886323,0.4327841582734391
0.49033334679101565,0.37944800121771555,0.47757666019202616,0.4228158888780702
0.4684731998567029,0.3593834376190386,0.46566241295127264,0.3496641861559789
0.41429612925236514,0.418635523861349,0.42596542190625436,0.38235667533735285
0.4281420713285635,0.3837223016107255,0.40039002745089625,0.39957568031899526
0.4617536025735669,0.4207788468452399,0.49420167209828536,0.3752510886113313
0.4714082124077701,0.36850325118609667,0.4774108941822342,0.36223325482046065
0.4559253433993918,0.4001648213761965,0.45954912446261925,0.3621633398932701
0.4684027318792685,0.4131328524962128,0.46797973121833003,0.3646961397196719
0.4943083664790729,0.35950221557728584,0.4947302678425804,0.3794747607766354
0.4186270629258206,0.42722136574817776,0.470568721692805,0.3591898158047208
0.46036340652364216,0.3790976782864407,0.4525260118786258,0.42277605953270253
0.43538770005356636,0.42441580041512067,0.4585995244658711,0.34966935912811004
0.4668628632887754,0.4325415312687287,0.49182474677634763,0.41560483125076597
0.43313410697612376,0.43596325216119275,0.45373157262905156,0.37342829394405874
0.45754861615428055,0.3735849523581339,0.4588973851462638,0.35484199262631433
0.4587712418300654,0.3716056612034816,0.4587712418300653,0.41143602879020846
0.4466888231594114,0.44667542553998474,0.4814566696919639,0.3422373539004499
0.4546622030926191,0.4067579851788096,0.4681702534672405,0.40370043196113115
0.4366768672787034,0.38360801275742956,0.43743521580991823,0.4174539878080683
0.4424748487817014,0.42206151620514076,0.4508508134948402,0.4023289615855548
0.43662678111061576,0.4355606876977162,0.4499954948898843,0.38808311308617094
0.4376424743101363,0.3801989721726678,0.4326043353812837,0.4152158371336369
0.42483613126420405,0.3663068880700741,0.429122923291335,0.41308479857717484
0.44906743322391757,0.41818855498015756,0.4490746394025402,0.4178656483357308
0.4569844156142812,0.41295537560655327,0.4687946922087928,0.3802745466201314
0.41527318490692516,0.4392879147193002,0.43246661670635034,0.31198784839778987
0.48633758194268023,0.3785431839988361,0.48668642537680246,0.34810765043916975
0.4482865581159278,0.4099909314814869,0.45342596480513037,0.373484310813798
0.41375485756824504,0.3747596264629135,0.4206318310442719,0.3911899500573957
0.43118556855093726,0.4464076891292778,0.4374137875380626,0.4138183613520537
0.48800627450980394,0.4305761638885757,0.48579764705882345,0.41021932150444645
0.47549974296834835,0.4126665587369087,0.49288977014026586,0.3820837755328177
0.44278830828648114,0.4250849084423886,0.4782681406812313,0.3667046528381043
0.46982418684265176,0.38168840896487854,0.4727138844023971,0.3708631704997857
0.4338429429086868,0.41838338804732234,0.439986311266588,0.3989031812960293
0.4324048411587943,0.4378902185929158,0.4650729091462804,0.43001683860722917
0.4435529050329809,0.43419925647658597,0.46796399889379015,0.393243874582672
0.4166867175027056,0.39812066906300925,0.4290814185706149,0.3791226453568389
0.40814630495928395,0.32738755901088507,0.4084482930227929,0.42344380645578417
0.38089835978222103,0.42034212511594626,0.42152385126744096,0.37182162557741355
0.4171971153286032,0.3791705961536403,0.42039989998467503,0.41382500038820247
0.4768371717472344,0.37751206038646007,0.48955329997499153,0.36417278964133515
0.4325751703675828,0.40695553671539053,0.45454557174951365,0.37757459777139346
0.42527552672881386,0.3865849455988802,0.439029277783603,0.4087963497321993
0.4342446692683796,0.40623330282439496,0.4615516828104686,0.3805377771467769
0.45557682856157794,0.4151458261142086,0.47998943685218204,0.3884254885645434
0.42557515498691967,0.40670362095396384,0.4321699851111616,0.40321080293334455
0.386308410911141,0.4191882939479625,0.44417422630397746,0.3618333763314298
0.43519348571699606,0.3701576607945529,0.438130656139413,0.33678525542819004
0.4250252121491555,0.43998169886745225,0.44041232658206947,0.41699794432316345
0.40099468004255967,0.4106966461477005,0.41835902112783097,0.37617373472767607
0.41492185130392256,0.42750304948752493,0.4300287422135012,0.3599483034442788
0.4660704934603501,0.43961889725458814,0.48890798685712544,0.38833202798008093
0.4134953665896382,0.4384265490281765,0.42117487010861615,0.39542729900980617
0.3988785458066504,0.34675876249820026,0.439103012697784,0.3904551605162086
0.47813983158632817,0.34564044878881817,0.4719315379576581,0.4154685653330737
0.3808219431141632,0.4641377408648348,0.40356310552894986,0.4435491536145018
0.4355627832810049,0.3736808210924482,0.4567584838395049,0.3714053530719025
0.44449065669880355,0.35073801544524913,0.4437495126478051,0.36811320562856986
0.47825791106595505,0.3342499189795531,0.4754326999809255,0.32657412065479385
0.42291349288253305,0.4309077480273763,0.4649182870029104,0.39099295946944895
0.47193476038656884,0.41471784455859023,0.4790550013970029,0.3325698254701948
0.39955611487101,0.4160272147400591,0.4424856961466631,0.37357495706519483
0.4607345684142567,0.37616673014895957,0.46984798437807185,0.36129318189475346
0.4049488347527563,0.3971715293493161,0.38986790986790987,0.39649796580456503
0.4288529457957069,0.4179951096305208,0.4312249508323049,0.398759903805028
0.45535876586144797,0.34050124214089883,0.4415344238031166,0.3416210683264064
0.4224205654540658,0.40822927809226756,0.42334822772701963,0.4090166135538702
0.4380979329076215,0.393698422839637,0.4500479185600293,0.33013218988804754
0.41083462071697363,0.4023290634676953,0.4336890473361062,0.35763747806639357
0.41415296224984804,0.36057890599681097,0.4284625793276313,0.4110603160142531
0.40970178368687066,0.41649294037961426,0.45886824213253385,0.3701540950566816
0.3840678032731739,0.4259266514927204,0.41487068059297016,0.3800347072267636
0.4534978209816251,0.3777695103176144,0.458615896978167,0.36442722454182824
0.41699793597593177,0.38567296746610125,0.41287266351627355,0.38606375033578255
0.4541718824117101,0.38714384508704935,0.47672841605064203,0.3788696004952114
0.40177023177329774,0.4300559873174498,0.4341175320282674,0.3988002739777705
0.45951141714357463,0.36325808792355657,0.4552938490051615,0.4074350697288936
0.41594461236404967,0.4479876388559024,0.44912208185865476,0.3820170631301721
0.4708055380239831,0.38876891399630786,0.4505466743716818,0.3823819961485028
0.4519694297472075,0.42754084197380016,0.451941764360065,0.3883003380334851
0.3775669407547966,0.4251165567221312,0.4392156862745098,0.36071146957197486
0.4772501273541724,0.42676173046743326,0.48906408311575045,0.3749982897836952
0.44797438975590237,0.42846564908853185,0.4630673602774444,0.4106816270893021
0.43899546782567345,0.4120710844656158,0.4415656363887154,0.38484776558172606
0.4029428230815336,0.4194396130808837,0.4277500049398328,0.4056651672993438
0.43402136781355954,0.42399256939836527,0.4715349896469846,0.42042824513019894
0.4172833013682922,0.4168569523131981,0.44371837463656444,0.40587419447699696
0.4361400605355856,0.4390439481798252,0.4462495762387498,0.37581362021381304
0.4471353615919917,0.38133723395521374,0.4460960552685378,0.3655276857232643
0.42196863330921347,0.3934446879980885,0.42261894902520686,0.37786149357521304
0.438185794195354,0.39186847264108515,0.4472629418739973,0.3455920012463107
0.44212900683488915,0.4164381876506973,0.45406492465315995,0.3749168304669556
0.4593336746601722,0.3820527155546779,0.45132949439479386,0.35247946412374115
0.4572083208369471,0.3692037442378088,0.44726179186019177,0.3728527812789202
0.44236182562313614,0.38964459483327557,0.4505215801685214,0.3522693110926113
0.43502221006992825,0.37264357413389326,0.4376770189020753,0.3568549941778168
0.46028362668215345,0.35016485674736986,0.46862689963041176,0.3289124169822862
0.43837027400041995,0.4293415250575362,0.45888925371798706,0.38135942900995057
0.46931033444152603,0.3767707714617367,0.4519658907933461,0.35684335279476087
0.45055452789082084,0.4178356180564706,0.4835801098916157,0.3280989425168401
0.4239885743269397,0.36318099540271065,0.41250595087138553,0.3651727894815759
0.41119743494882227,0.41984110747417686,0.42621964805159956,0.3689720766271662
0.43769541078079977,0.41658683826699455,0.468119768815531,0.36833500134072206
0.47221496005809727,0.44656771593854105,0.49393905161515905,0.32483326871806817
0.4283714278905447,0.42998728195304425,0.4297291820201502,0.42519921850081055
0.41452258220592886,0.4182657297758561,0.4397714796136741,0.35722788449890325
0.42033411514526065,0.4307786855368748,0.479092792388974,0.36915594608641455
0.4328319815208546,0.4065298376429065,0.4348898863427567,0.34276414481377254
0.425376386043638,0.40526385943896825,0.43417302627135806,0.40264388182878735
0.3858835675191486,0.4431901070897786,0.41579862297222414,0.3618553644254114
0.4442203142787229,0.4202796152165845,0.4584738579823321,0.39154155187111545
0.43758250591454706,0.3866225900714702,0.43505200991632625,0.4074231851581737
0.4332047898403106,0.43335060672603565,0.44608991535257536,0.4103938300419515
0.41678596491228065,0.4290012480324992,0.417262861527877,0.3968981169503948
0.3507731547903714,0.4230967779901785,0.38019448429778413,0.41523584791302587
0.3919504012195634,0.4460453047823696,0.42724091779350254,0.38301878643251913
0.4454119902994755,0.39783635345691815,0.4532085048784614,0.3755519049651418
0.4712667893058979,0.3816535575626029,0.4790305889359042,0.3859516729164081
0.43848456874498976,0.43629623484858077,0.4511037418267637,0.4143420638837782
0.46070880167065903,0.43284890720693675,0.47785088115462376,0.41702658479345506
0.3154397324241143,0.4200181846220039,0.3801194410448534,0.43652793871193096
0.4233132015112655,0.3736782590174538,0.41648860575641417,0.3944348431171125
0.39446452696534856,0.4347422135382374,0.4156155382151399,0.3921632509184799
0.45994832041343664,0.39709587788155426,0.45623955008359934,0.42734303078293767
0.43340390589315453,0.3856992227089578,0.446580787468579,0.37370895841372365
0.41261268552364766,0.45084922625492313,0.46921420253494656,0.36871523983782467
0.4722369776926314,0.46128192126445766,0.49176091852976067,0.40588346398502634
0.468398308342945,0.3968836885665573,0.4662751688910858,0.43029836752603307
0.43022212229373347,0.4236184140598159,0.44026493540560036,0.4022644838286388
0.49592469984626847,0.34711342837403586,0.4812192890624263,0.4277328356902682
0.40384050912215047,0.4408533514647964,0.41764545630355904,0.42048028298883255
0.38926791416718887,0.4611376193781281,0.4196039809065358,0.43604729397588665
0.4174700510834964,0.42921129419796966,0.49377012066087705,0.36166587773641173
0.4314017926335336,0.436985759796232,0.44864716953149636,0.4251929915221802
0.39997446590090424,0.41775253353239106,0.40070818042185985,0.40995488113160716
0.44422782336962496,0.44955045901864393,0.48498626503741593,0.40650648059164757
0.47798758719173945,0.38773711261866967,0.47538638985005766,0.39998381279874434
0.4784951378925554,0.4124849368432411,0.48334130400127523,0.40597054154543816
0.4776121482003834,0.41379337726513243,0.47655351184762945,0.3896487616716909
0.47381411321590783,0.3714454745058841,0.4741686052952254,0.41026682107817786
0.4480162348018495,0.42505647006709857,0.472827441324793,0.35477672211513817
0.3870988000990356,0.44380378563026235,0.45438504320730455,0.38658390329452147
0.45554398856179334,0.3862472140676678,0.4596880727599682,0.37213034151247754
0.4289416351335856,0.4457607726384028,0.4421005183682668,0.4338757644592735
0.43619457811285783,0.3617202310628539,0.427006271977848,0.3938060564808399
0.4123393437777121,0.4175976631890909,0.41819134890136955,0.41003117525050625
0.41808253874776174,0.41072017787754034,0.45015414585203495,0.3967153238863769
0.3970526516243228,0.4509971181823729,0.4284192710538221,0.4084950057935348
0.4798204264870931,0.4295628942772926,0.4899187958011487,0.3830155519538231
0.41567038534285455,0.40885512939015084,0.4259274537304403,0.4084848765074815
0.4709459222594046,0.3869493514980246,0.4707252413553715,0.3877941046774798
0.4320376829168242,0.396217619042389,0.43975081205050653,0.33740175332877
0.4908104575163399,0.4193277907197211,0.4897124183006536,0.37243429316581467
0.40176692833168676,0.4393666426654955,0.46575270465595026,0.383910539388866
0.4461368673016211,0.4271903855369077,0.45180931115299433,0.4078072852088285
0.48465386322075116,0.363508016012774,0.4851945167779769,0.3799195687534566
0.4143919743354514,0.4215885267127686,0.42778999672575446,0.38370982727092434
0.4877061935885465,0.3612892055080783,0.4882913165266106,0.38401495731188096
0.3675046593800919,0.4173693778949212,0.43164409293129014,0.3650896593549722
0.4267881577802561,0.3764341092227819,0.42618070221230886,0.3972755114557861
0.4375770441129918,0.46356308558693904,0.4544699551235499,0.4181382577274723
0.42610528117411717,0.422946563270726,0.4395237636789577,0.414024531346527
0.47289711558850744,0.41156039769641456,0.49451472042544653,0.36798495369558903
0.4616397400711126,0.3927903084040853,0.48679009201885015,0.3804234827643959
0.4086632836709563,0.41779116541307626,0.4193052680009202,0.4023964022821195
0.4174309220513316,0.41781068983480885,0.4283302167691186,0.370632405304047
0.410644474559506,0.39912408797076016,0.42058528499743536,0.3785644631856738
0.4508216529606904,0.4515066059972161,0.46362823689026894,0.4208611328367465
0.3497661631105822,0.42682872938106764,0.4016535465298716,0.3937656152246447
0.4373603204722749,0.4307229377899853,0.449943074003795,0.37957521402747246
0.4615357966504526,0.37715758118163484,0.4693990755007705,0.38967137616781855
0.467120542473453,0.4212310935681624,0.48689237971780763,0.38891716730238546
0.45167522980671765,0.40402957827743263,0.4541294307384273,0.39016137572043413
0.4202526187886449,0.3956483753895601,0.43419858698101926,0.39413404921642786
0.4099034531488892,0.38653017720580085,0.43055729157149036,0.39422217490288003
0.4768430603613995,0.37722752065578763,0.4864267149997254,0.3833891275175011
